[header]
width=128
height=32
tilewidth=16
tileheight=16
orientation=orthogonal
background_color=0,0,0,255

[tilesets]
tileset=../../../../Downloads/beastlands.png,16,16,0,0
tileset=../grotto_escape_pack/graphics/player.png,16,16,0,0
tileset=../grotto_escape_pack/graphics/enemies.png,16,16,0,0
tileset=../grotto_escape_pack/graphics/items.png,16,16,0,0

[layer]
type=Tile Layer 1
data=
829,829,829,829,829,829,829,829,829,829,829,829,829,829,829,829,829,829,829,829,829,829,829,829,829,829,829,829,829,829,829,829,829,829,829,829,829,829,829,829,829,829,829,829,829,829,829,829,829,829,829,829,829,829,829,829,829,829,829,829,829,829,829,829,829,829,829,829,577,577,577,577,577,577,577,577,577,577,577,577,577,577,577,577,577,577,577,577,577,577,577,577,577,577,577,577,577,577,577,577,577,577,577,577,577,577,577,577,577,577,577,577,577,577,577,577,577,577,577,577,577,577,577,577,577,577,577,577,
829,770,770,770,770,770,770,770,770,770,770,770,770,770,770,770,770,770,770,770,770,770,770,770,770,770,770,770,770,770,770,770,770,770,770,770,770,770,770,770,770,770,770,770,770,770,770,770,770,770,770,770,770,770,770,770,770,770,770,770,770,770,770,770,770,770,770,770,577,1666,1667,1668,1672,1684,1674,1675,1676,1677,1678,1684,1673,1674,1675,1676,1677,1684,1684,1674,1675,1676,1677,1673,1684,1675,1676,1677,1672,1673,1684,1684,1676,1677,1672,1673,1674,814,1676,1677,1672,1673,1674,814,814,1677,1672,1673,1674,1675,814,1677,1672,1673,1674,577,577,577,577,577,
829,770,770,770,770,770,770,770,770,770,770,770,770,770,770,770,770,770,770,770,770,770,770,770,770,770,770,770,770,770,770,770,770,770,770,770,770,770,770,770,770,770,770,770,770,770,770,770,770,770,770,770,770,770,770,770,770,770,770,770,770,770,770,770,770,770,770,770,577,1725,1726,1727,1731,1743,1733,1734,1735,1736,1737,1743,1732,1733,1734,1735,1736,1743,1743,1733,1734,1735,1736,1732,1743,1734,1735,1736,1731,1732,1743,1743,1735,1736,1731,1732,1733,873,1735,1736,1731,1732,1733,873,873,1736,1731,1732,1733,1734,873,1736,1731,1732,1733,1734,1735,1736,1737,577,
829,770,770,770,770,770,770,770,770,770,770,770,770,770,770,770,770,770,770,770,770,770,770,770,770,770,770,770,770,770,770,770,770,770,770,770,770,770,770,770,770,770,1097,1098,770,770,770,770,770,770,770,770,770,770,770,770,770,770,770,770,770,770,770,770,1097,1098,770,770,1784,1785,1786,1844,1667,1802,1667,1667,1668,1794,1794,1802,1794,1794,1794,1794,1794,1802,1802,1794,1794,1794,1794,1794,1802,1794,1794,1794,1794,1794,1802,1743,1737,1794,1794,1794,1794,873,1794,1794,1794,1794,1794,873,873,1794,1794,1794,1794,1794,873,1794,1794,1794,1794,1794,1794,1794,1794,577,
829,770,770,770,770,770,770,770,770,770,770,770,770,770,770,770,770,770,770,770,770,770,770,770,770,770,770,770,770,770,770,770,770,770,770,770,770,770,770,770,770,770,770,770,770,770,770,770,770,770,770,770,770,770,770,770,770,770,770,770,770,770,770,1402,1403,1402,1402,1403,1784,1784,1784,1903,1667,1743,1726,1667,1668,1794,1794,1861,1794,1794,1794,1794,1794,1861,1861,1794,1736,1737,1794,1794,1861,1794,1794,1794,1794,1794,1861,1743,1796,1794,1794,1794,1794,873,1794,1794,1794,1794,1794,873,873,1794,1794,1794,1794,1794,873,1794,1794,1794,1794,1794,1794,1794,1794,577,
829,770,770,770,770,770,770,770,770,770,770,770,770,770,770,770,770,770,770,770,770,770,770,770,770,770,770,770,770,770,770,770,770,770,770,770,770,770,770,770,770,770,770,770,770,770,770,770,770,770,770,770,770,770,770,770,770,770,770,1424,1424,1424,1424,859,859,859,859,859,859,859,859,859,1667,1802,1667,1668,1668,1794,1794,1861,1737,1794,1794,1794,1794,1861,1743,1794,1795,1796,1794,1794,1861,1794,1794,1794,1794,1794,1861,1743,1855,1794,1794,1794,1794,873,1794,1794,1794,1794,1794,873,873,1794,1794,1794,1794,1794,873,1794,1794,1794,1794,1736,1737,1794,1794,577,
829,770,770,770,770,770,770,770,770,770,770,770,770,964,965,966,770,770,770,770,770,770,770,770,770,770,770,770,770,770,770,770,770,770,770,770,770,770,770,770,770,770,770,770,770,770,770,770,770,770,770,770,770,770,770,770,770,770,770,484,484,484,484,859,1568,1569,1567,1568,1569,1567,1568,859,1726,1861,1668,1668,1727,1794,1794,1743,1796,1794,1794,1794,1794,1743,1743,1794,1854,1855,1794,1794,1861,1794,1794,1794,1794,1794,1861,1743,1914,1794,1794,1794,1794,873,1794,1736,1737,1794,1794,873,873,1794,1794,1794,1794,1794,873,1794,1794,1794,1794,1795,1796,1794,1794,577,
829,770,770,770,770,770,770,770,1018,1019,1020,770,770,770,770,770,770,770,770,770,770,770,770,770,770,770,770,770,770,770,770,770,366,367,368,770,770,770,770,770,770,770,770,770,770,770,770,770,770,770,770,770,770,1424,1424,770,770,770,770,770,770,770,770,859,1627,1628,1626,1627,1628,1626,1627,859,1667,1743,1668,1667,1668,1794,1794,1802,1855,1794,1794,1794,1794,1802,1802,1794,1913,1914,1794,1794,1861,1794,1794,1794,1794,1794,1861,1743,1794,1794,1794,1794,1794,873,1794,1795,1796,1794,1794,873,873,1794,1794,1794,1794,1794,873,1794,1794,1794,1794,1854,1855,1794,1794,577,
829,770,770,770,770,770,770,770,770,770,770,770,770,770,770,770,770,770,770,770,770,366,367,368,770,770,770,770,770,770,770,770,425,426,427,770,770,770,770,770,770,770,770,770,770,770,770,770,770,770,770,770,770,484,484,770,770,770,770,770,770,770,770,859,1509,1510,1508,1509,1510,1508,1509,859,1667,1802,1736,1737,1668,1794,1794,1861,1914,1794,1794,1794,1794,1861,1861,1794,1794,1794,1794,1794,1861,1794,1794,1794,1794,1794,1802,1743,1794,1794,1794,1794,1794,873,1794,1854,1855,1794,1794,873,873,1736,1737,1794,1794,1794,873,1794,1794,1794,1794,1913,1914,1794,1794,577,
829,770,770,770,770,770,770,770,770,770,770,770,770,770,770,770,770,770,770,770,770,425,426,427,770,770,770,770,770,770,770,770,770,770,770,770,770,770,770,770,770,770,770,770,770,770,770,770,770,770,770,770,770,770,770,770,770,770,770,964,965,966,770,859,1568,1569,1567,1568,1569,1567,1568,859,1667,1743,1795,1796,1668,1794,1794,1743,1794,1794,1794,859,859,859,859,859,859,1794,1794,1794,1861,1794,1794,1794,1794,1794,1743,1802,1794,1794,1794,1794,1794,873,1794,1913,1914,1794,1794,873,873,1795,1796,1794,1794,1794,873,1794,1794,1794,1794,1794,1794,1794,1794,577,
829,770,770,770,770,770,770,770,770,770,770,770,770,770,770,770,770,770,770,770,770,770,770,770,770,770,770,770,770,770,770,770,770,770,770,770,770,770,770,770,770,770,770,770,770,770,770,770,1424,770,770,770,770,770,1018,1019,1020,770,770,770,770,770,770,859,859,859,859,859,1628,1626,1627,859,1726,1802,1854,1855,1668,1794,1794,1802,1794,1794,1794,1794,1794,1743,1743,1794,1794,1794,1794,1794,1861,1794,1794,1794,1794,1794,1743,1861,1794,1794,1794,1794,1794,873,1794,1794,1794,1794,1794,873,873,1854,1855,1794,1794,1794,873,1794,1794,1794,1794,1794,1794,1794,1794,577,
829,770,770,770,770,770,770,770,770,770,770,770,770,770,770,770,770,770,770,1097,1098,770,770,770,770,770,770,770,770,770,770,770,770,770,770,770,770,770,770,770,366,367,368,770,770,770,770,770,484,770,770,770,770,770,770,770,770,770,770,770,770,770,770,770,770,770,770,859,1509,1510,1511,859,859,1861,1913,1914,1668,1794,1794,1861,1794,1794,1794,1794,1794,1802,1743,1794,1794,1794,1794,1794,1861,1794,1794,1794,1794,1794,1743,1743,1794,1794,1794,1794,1794,873,1794,1794,1794,1794,1794,873,873,1913,1914,1794,1794,1794,873,1794,1794,1794,1794,1794,1794,1794,1794,577,
829,770,770,770,770,770,770,770,770,770,770,770,770,770,770,770,770,770,770,770,770,770,770,770,770,770,770,770,770,770,770,770,770,770,770,770,770,770,770,770,425,426,427,770,770,770,770,770,770,770,770,770,770,770,770,770,770,770,770,770,770,770,770,770,770,770,770,859,1568,1569,1570,1571,859,1743,1668,1667,1668,1794,1794,1743,1794,1794,1794,1794,1794,1861,1743,1794,1794,1794,1794,1794,859,859,1794,1794,1794,1794,1802,1743,1794,1794,1794,1794,1794,873,1794,1794,1794,1794,1794,873,873,1794,1794,1794,1794,1794,873,1794,1794,1794,1794,1794,1794,1794,1794,577,
829,770,770,770,770,770,770,770,770,770,770,770,770,770,770,770,770,770,770,770,770,770,770,770,770,770,770,770,770,770,770,770,964,965,966,770,770,770,770,770,770,770,770,770,770,770,770,770,770,770,770,770,770,770,770,770,770,770,770,770,770,770,770,770,770,770,770,859,1627,1628,1629,1630,859,1802,1668,1667,1668,1794,1794,1802,1794,1794,1794,1794,1794,1802,1743,1794,1794,1794,1794,1794,1743,1794,1794,1794,1794,1794,1861,1743,1794,1794,1794,1794,1794,873,1794,1794,1794,1794,1794,873,873,1794,1794,1794,1794,1794,873,1794,1794,1794,1794,1794,1794,1794,1794,577,
829,770,770,770,770,770,770,770,770,770,770,770,770,770,770,770,770,770,770,770,770,770,770,770,770,770,366,367,368,770,770,770,770,770,770,770,770,770,770,770,770,770,770,770,770,770,770,770,770,770,770,770,770,770,770,770,770,770,770,770,770,770,770,770,770,770,770,859,1509,1510,1518,1519,859,1861,1667,1667,1668,1794,1794,1861,1794,1794,1794,1794,1794,1861,1743,1794,1794,1794,1794,1794,1802,1794,1794,1794,1794,859,1861,1743,1794,1794,1794,1794,1794,873,1736,1737,1794,1794,1794,873,873,1794,1794,1794,1794,1794,873,1794,1794,1794,1794,1794,1794,1794,1794,577,
829,770,770,770,770,770,770,770,770,770,770,770,770,770,770,770,770,770,770,770,770,770,770,770,770,770,425,426,427,770,770,770,770,770,770,770,770,770,770,770,770,770,770,770,770,770,770,770,770,770,770,770,770,770,770,770,770,770,770,770,770,770,770,770,770,770,770,859,1568,1569,1577,1578,859,1743,1726,1667,1668,1794,1794,1743,1794,1794,1794,1794,1794,1743,1743,1794,1794,1794,1794,1794,1861,1794,1794,1794,1794,1794,1861,1743,1794,859,859,1794,1794,873,1795,1796,1794,1794,1794,873,873,1794,1794,1794,1794,1794,873,1794,1794,1794,1794,1794,1794,1794,1794,577,
829,770,770,770,770,770,770,770,770,770,770,770,770,770,770,770,770,770,770,770,770,770,770,770,770,770,770,770,770,770,770,770,770,770,770,770,770,770,770,770,770,770,770,770,770,1097,1098,770,770,770,770,770,770,770,770,770,770,770,770,770,770,770,770,770,770,770,770,859,1512,1513,1636,1637,859,1802,1726,1667,1668,1794,1794,1802,1794,1794,1794,1794,1794,1802,1743,1794,1794,1794,1794,1794,1861,1794,1794,1794,1794,1794,1861,1743,1794,1794,1794,1794,1794,873,1854,1855,1794,1794,1794,873,873,1794,1794,1794,1794,1794,873,1794,1794,1794,1794,1794,1794,1794,1794,577,
829,770,770,770,770,770,770,770,770,770,770,770,770,770,770,770,770,770,770,770,770,770,770,770,770,770,770,770,770,770,770,770,770,770,770,770,770,770,770,770,770,770,770,770,770,770,770,770,770,770,770,770,770,770,770,770,770,770,770,770,770,770,770,770,770,770,770,859,1571,1572,1511,1512,859,1861,1726,1667,1668,1794,1794,1861,1794,1794,1794,1794,1794,1861,1743,1794,1794,1794,1794,1794,1861,1737,1794,1794,1794,1794,1861,1743,1794,1794,1794,1794,1794,859,1913,1914,1794,1794,1794,873,873,1794,1794,1794,1794,1794,873,1794,1794,1794,1794,1794,1794,1794,1794,577,
829,770,770,770,770,770,770,770,770,770,770,770,964,965,966,770,770,770,770,770,770,770,770,770,770,770,770,770,770,770,770,770,770,770,770,770,770,770,770,770,770,770,770,770,770,770,770,770,770,770,770,770,770,770,770,770,770,770,770,770,770,770,770,770,770,770,770,859,1630,1631,1570,1571,859,1743,1732,1667,1668,1794,1794,1743,1794,1794,1794,1794,1794,1743,1743,1794,1794,1794,1794,1794,1861,1796,1794,1794,1794,1794,1861,1743,1794,1794,1794,1794,1794,873,1794,1794,1794,859,859,873,873,1794,1794,1794,1794,1794,873,1794,1794,1794,1794,1794,1794,1794,1794,577,
829,770,770,770,770,770,770,1018,1019,1020,770,770,770,770,770,770,770,770,770,770,770,770,770,770,770,770,770,770,770,770,770,770,770,770,770,770,770,770,770,770,770,770,770,770,770,770,770,770,770,770,770,770,770,770,770,770,770,770,770,770,770,770,770,770,770,770,770,859,1627,1628,1629,1630,859,1802,1791,1667,1668,1794,1794,1802,1794,1794,1794,1794,1736,1802,1743,1794,1794,1794,1794,1794,1861,1855,1794,1794,1794,1794,1861,1802,1794,1794,1736,1737,1794,873,1794,1794,1794,1794,1794,873,873,1794,1794,1794,1794,1794,873,1794,1794,1794,1794,1794,1794,1794,1794,577,
829,770,770,770,770,770,770,770,770,770,770,770,770,770,770,770,770,770,770,770,770,770,770,770,770,770,770,770,770,770,770,770,366,367,368,770,770,770,770,770,770,770,770,770,770,770,770,770,770,770,770,770,770,770,770,770,770,770,770,770,770,770,1097,1098,770,770,770,859,1509,1510,1518,1519,859,1861,1850,1667,1668,1794,1794,1861,1794,1794,1794,1794,1795,1861,1743,1794,1794,1794,1794,1794,1861,1914,1794,1794,1794,1794,1861,1861,1794,1794,1795,1796,1794,873,1794,1794,1794,1794,1794,873,873,1794,859,1794,1794,1794,873,1794,1794,1794,1794,1794,1794,1794,1794,577,
829,770,770,770,770,770,770,770,770,770,770,770,770,770,770,770,770,770,770,770,770,770,770,770,770,770,770,770,770,770,770,770,425,426,427,770,770,770,770,770,770,770,770,770,770,770,770,770,770,770,770,770,770,770,770,770,770,770,770,770,770,770,770,770,770,770,770,859,1568,1569,1577,1578,859,1743,1909,1667,1668,1794,1794,1743,1794,1794,1794,1794,1854,1743,1743,1794,1794,1794,1794,1794,1861,1794,1794,1794,1794,1794,1861,1743,1794,1794,1854,1855,1794,873,1794,1794,1794,1794,1794,873,873,1794,1736,1737,1794,1794,859,859,1794,1794,1794,1794,1794,1794,1794,577,
829,770,770,770,770,770,770,770,770,770,770,770,770,770,770,770,770,770,770,770,770,770,770,770,770,770,770,770,770,770,770,770,770,770,770,770,770,770,770,770,770,770,770,770,770,770,770,770,770,770,770,770,770,770,770,770,770,770,770,770,770,770,770,770,770,770,770,859,1627,1628,1636,1637,859,1802,1668,1726,1727,1794,1794,1802,1794,1794,1794,1794,1913,1802,1743,1794,1794,1794,1794,1794,1861,1794,1794,1794,1794,1794,1861,1802,1794,1794,1913,1914,1794,873,1794,1794,1794,1794,1794,873,873,1794,1795,1796,1794,1794,873,1794,1794,1794,1794,1794,859,859,859,577,
829,770,770,770,770,770,770,770,770,770,770,770,770,770,770,770,770,770,770,770,770,770,770,770,770,770,770,770,770,770,770,770,770,770,770,770,770,770,770,770,770,770,770,770,770,770,770,770,770,770,770,770,770,770,770,770,770,770,770,770,770,770,770,770,770,770,770,859,1509,1510,1511,1512,859,1861,1727,1667,1668,1794,1794,1861,1794,1794,1794,1794,1794,1861,1743,1794,1794,1794,1794,1794,1861,1794,1794,1794,1794,1794,1861,1743,1794,1794,1794,1794,1794,873,1794,1794,1794,1794,1794,873,873,1794,1854,1855,1794,1794,873,1794,1794,1794,1794,1794,859,859,859,577,
829,770,770,770,770,770,770,770,770,770,770,770,770,770,770,770,770,770,770,770,770,770,770,770,770,770,770,770,770,770,770,770,770,770,770,770,770,770,770,770,770,770,770,770,770,770,770,770,770,770,770,770,770,770,770,770,770,770,770,770,770,770,770,770,770,770,770,859,1568,1569,1570,1571,859,1743,1786,1667,1668,1794,1794,1743,1794,1794,1794,1794,1794,1743,1743,1794,1794,1794,1794,1794,1743,1794,1794,1794,1794,1794,1861,1743,1794,1794,1794,1794,1794,873,1794,1794,1794,1794,1794,1743,1743,1794,1913,1914,1794,1794,873,1794,1794,1794,1794,859,859,859,859,577,
829,770,770,770,770,770,1007,1008,1009,770,770,770,770,770,770,770,770,770,770,770,770,770,770,770,770,770,770,770,770,770,770,770,770,770,770,770,770,770,770,770,770,770,770,770,770,770,770,770,770,770,770,770,770,770,770,770,770,770,770,770,770,770,770,770,770,770,770,859,1627,1628,1629,1630,859,1802,1845,1726,1727,1794,1794,1802,1794,1794,1794,1794,1794,1802,1802,1794,1794,1794,1794,1794,1802,1794,1794,1794,1794,1794,1802,1802,1794,1794,1794,1794,1794,873,1794,1794,1794,1794,1794,1802,1802,1794,1794,1794,1794,1794,873,1794,1794,859,859,859,859,859,859,577,
829,770,770,770,770,770,1066,1067,1068,770,770,770,770,770,770,770,770,770,770,770,770,770,770,123,124,125,770,770,770,770,770,770,770,770,770,123,124,125,770,770,355,356,357,358,359,360,770,770,770,770,770,770,770,770,770,770,770,770,770,770,1214,1215,1216,1217,770,770,770,859,1512,1513,1518,1519,859,1861,1685,1686,1687,1688,1689,1861,1691,1692,1693,1694,1695,1861,1861,1685,1686,1687,1688,1689,1861,1691,1692,1693,1694,1695,1861,1861,1685,1686,1687,1688,1689,873,1691,1692,1693,1694,1695,1861,1861,1685,1686,1687,1688,1689,873,1691,1692,1693,1694,1695,1696,1694,1695,577,
829,770,770,770,770,770,770,1126,770,770,770,770,770,770,770,770,421,422,770,770,770,770,770,182,183,184,770,770,770,770,770,770,770,770,770,182,183,184,770,770,770,415,416,417,418,770,770,770,770,770,770,770,770,770,770,770,770,770,770,770,1273,1274,1275,1276,770,1292,770,859,1571,1572,1577,1578,859,1743,1744,1745,1746,1747,1748,1749,1750,1751,1752,1753,1754,1755,1743,1744,1745,1746,1747,1748,1749,859,859,1752,1753,1754,1755,1743,859,859,1746,1747,1748,1749,1750,1751,1752,1753,1754,1755,1743,1744,1745,1746,1747,859,859,1750,1751,1752,1753,1754,1755,1753,1754,577,
829,770,770,770,770,770,770,1185,770,770,770,770,435,770,770,770,480,481,770,770,770,770,770,770,242,770,770,770,770,438,439,440,770,770,770,770,242,770,770,770,770,474,475,476,477,770,770,770,435,770,770,770,770,770,770,770,770,770,770,770,1332,1333,1334,1335,770,1351,1352,859,1630,1631,1636,1637,859,1802,1803,1804,1805,1806,1807,1808,1809,1810,1811,1812,1813,1814,1802,1803,1804,1805,1806,1807,1808,859,859,1811,1812,1813,1814,1802,859,859,1805,1806,1807,1808,1809,1810,1811,1812,1813,1814,1802,1803,1804,1805,1806,1807,1808,1809,1810,1811,1812,1813,1814,1812,1813,577,
829,770,770,770,770,770,1243,1244,1245,1246,770,770,494,770,770,538,539,540,541,770,770,770,770,770,301,770,770,770,770,497,498,499,770,770,770,770,301,770,770,770,532,533,534,535,536,537,770,770,494,770,770,770,770,770,770,770,770,770,770,770,1391,1392,1393,1394,770,1410,1411,859,1509,1510,1508,1509,859,1861,1862,1863,1864,1865,1866,1867,1868,1869,1870,1871,1872,1873,1861,1862,1863,1864,859,859,1867,859,859,1870,1871,1872,1873,1861,859,859,1864,1865,1866,1867,1868,1869,1870,1871,1872,1873,1861,859,859,1864,1865,1866,1867,1868,1869,1870,1871,1872,1873,1871,1872,577,
859,544,544,544,544,544,544,544,544,544,544,544,544,544,544,544,544,544,544,544,544,544,544,544,544,544,544,544,544,544,544,544,544,544,544,544,544,544,544,544,544,544,544,544,544,544,544,544,544,544,497,498,499,497,498,499,497,498,499,798,799,800,801,798,799,800,801,859,1568,1569,1567,1568,859,1920,1921,1922,1923,1924,1925,1926,1927,1928,1929,1930,1931,1932,1920,1921,1922,1923,859,859,1926,859,859,1929,1930,1931,1932,1920,859,859,1923,1924,1925,1926,1927,1928,1929,1930,1931,1932,1920,1921,1922,1923,1924,1925,1926,1927,1928,1929,1930,1931,1932,1930,1931,577,
1544,1545,1546,1546,1547,1548,1549,1550,1551,1552,1553,1554,1555,1556,1557,1558,1559,1560,1561,1546,1547,1548,1549,1550,1551,1552,1553,1554,1555,1556,1557,1558,1559,1560,1561,1546,1547,1548,1549,1550,1551,1552,1553,1554,1555,1556,1557,1558,1559,1560,1581,1581,1581,1581,1581,1581,1581,1582,1583,1517,1518,1519,1520,1521,1515,1516,1514,1626,1627,1628,1626,1627,859,859,859,859,859,859,859,859,859,859,859,859,859,859,859,859,859,859,859,859,859,859,859,859,859,859,859,859,859,859,859,859,859,859,859,859,859,859,859,859,859,859,859,859,859,859,859,859,859,859,859,859,859,859,859,577

[Object Layer 1]
# Player
type=EntityPlayer
location=2,22,1,1

[Object Layer 1]
# Enemy_Slime2
type=EntityEnemy
location=97,22,1,1

[Object Layer 1]
# Enemy_Slime1
type=EntityEnemy
location=80,23,1,1

[Object Layer 1]
# Enemy_Grotto
type=EntityEnemy
location=107,23,1,1

[Object Layer 1]
# Win_Item
type=EntityItem
location=85,8,1,1

