[header]
width=256
height=64
tilewidth=16
tileheight=16
orientation=orthogonal
background_color=0,0,0,255

[tilesets]
tileset=../beastlands.png,16,16,0,0
tileset=../dungeon.png,16,16,0,0
tileset=../grotto_escape_pack/graphics/enemies.png,16,16,0,0
tileset=../grotto_escape_pack/graphics/player.png,16,16,0,0
tileset=../grotto_escape_pack/graphics/items.png,16,16,0,0

[layer]
type=BackDrop/Collision Layer
data=
859,859,859,859,859,859,859,859,859,859,859,859,859,859,859,859,859,859,859,859,859,859,859,859,859,859,859,859,859,859,859,859,859,859,859,859,859,859,859,859,859,859,859,859,859,859,859,859,859,859,859,859,859,859,859,859,859,859,859,859,859,859,859,859,859,859,859,859,859,859,859,859,859,859,859,859,859,859,859,859,859,859,859,859,859,859,859,859,859,859,859,859,865,865,865,865,865,865,865,865,865,865,865,865,865,865,865,865,865,865,865,865,865,865,865,865,865,865,865,865,865,865,865,865,865,865,865,865,865,865,865,865,865,865,865,865,865,865,865,865,865,865,865,865,865,865,865,865,865,865,865,865,865,865,865,865,865,865,865,865,865,865,865,865,865,865,865,865,865,865,865,865,865,865,865,865,865,859,859,859,859,859,859,859,859,859,859,859,859,859,859,859,859,859,859,859,859,859,859,859,859,859,859,859,859,859,859,859,859,859,859,859,859,859,859,859,859,859,859,859,859,859,859,859,859,859,859,859,859,859,859,859,859,859,859,859,859,859,859,859,859,859,859,859,859,859,859,859,859,859,859,859,859,859,859,859,
859,61,61,61,61,61,61,61,61,61,61,61,61,61,61,61,61,61,61,61,61,61,61,61,61,61,61,61,61,61,61,61,61,61,61,61,61,61,61,61,61,61,61,61,61,61,61,61,61,61,61,61,61,61,61,61,61,61,61,61,61,61,61,61,61,61,61,61,61,61,61,61,61,61,61,61,61,61,61,61,61,61,61,61,61,61,61,61,61,61,61,61,865,876,877,877,876,877,876,877,865,1666,1821,1821,1675,1676,1821,1672,1821,1821,1821,1677,1821,1821,1684,1821,1821,1821,1821,1821,1672,1821,1821,1821,1821,1821,1675,1676,1679,1680,1681,1821,1677,1684,1821,1821,1675,1676,1821,1821,1672,1821,1821,1821,1821,1821,1675,1676,1821,1821,1821,814,1677,1821,1675,1676,1821,1821,1674,1821,1821,1821,814,1821,1821,1677,1821,1821,1821,1821,1674,1821,1821,1821,1677,1821,865,859,61,61,61,61,859,729,729,729,729,729,729,729,729,729,729,729,729,729,859,61,61,61,61,61,61,61,61,61,61,61,61,61,61,61,61,61,61,61,61,61,61,61,61,61,61,61,61,61,61,61,61,61,61,61,61,61,61,61,61,61,61,61,61,61,61,61,61,61,61,61,61,61,61,61,61,61,61,859,
859,61,61,61,61,61,61,61,61,61,61,61,61,61,61,61,61,61,61,61,61,61,61,61,61,61,61,61,61,61,61,61,61,61,61,61,61,61,61,61,61,61,61,61,61,61,61,61,61,61,61,61,61,61,61,61,61,61,61,61,61,61,61,61,61,61,61,61,61,61,61,61,61,61,61,61,61,61,61,61,61,61,61,61,61,61,61,178,179,61,61,61,865,935,936,936,935,936,935,936,865,1725,1821,1821,1734,1735,1821,1821,1821,1821,1821,1736,1821,1821,1743,1821,1821,1821,1821,1821,1821,1821,1821,1821,1821,1821,1734,1735,1738,1739,1740,1821,1736,1802,1821,1821,1734,1735,1821,1821,1821,1821,1821,1821,1821,1821,1734,1735,1821,1821,1821,873,1736,1821,1734,1735,1821,1821,1821,1821,1821,1821,873,1821,1821,1736,1821,1821,1821,1821,1821,1821,1821,1821,1736,1727,865,859,61,61,61,61,859,729,729,729,729,729,729,729,729,729,729,729,729,729,859,61,61,61,377,377,377,377,377,377,377,377,377,377,377,377,377,377,377,377,377,377,377,377,377,377,377,377,377,377,377,377,377,377,377,377,377,377,377,377,377,377,377,377,377,377,377,377,377,377,61,61,61,377,377,377,377,377,377,859,
859,61,61,61,61,61,61,61,61,61,61,61,61,61,61,61,61,61,61,61,61,61,61,61,61,61,61,61,61,61,61,61,61,61,61,61,61,61,61,61,61,61,61,61,61,61,61,61,61,61,61,61,61,61,61,61,61,61,61,61,61,61,61,61,61,61,61,61,61,61,61,61,61,61,61,61,61,61,61,61,61,61,61,61,61,61,61,237,238,61,435,61,61,878,874,875,876,874,876,877,865,1821,1821,1821,1821,1821,1821,1821,1821,1821,1821,1821,1821,1821,1743,1821,1821,1821,1821,1821,1821,1821,1821,1821,1904,1904,1821,1821,1821,1798,1821,1821,1821,1802,1821,1821,1821,1821,1821,1821,1821,1821,1821,1821,1821,1821,1821,1821,1821,1821,1821,873,1821,1821,1821,1821,1821,1904,1904,1821,1821,1821,873,1821,1821,1821,1821,1821,1821,1821,1821,874,1821,1821,1821,1727,1727,61,61,61,61,61,859,729,729,729,729,729,729,729,729,729,729,729,729,729,859,61,61,61,436,436,436,436,436,436,436,436,436,436,436,436,436,436,436,436,436,436,436,436,436,436,436,436,436,436,436,436,436,436,436,436,436,436,436,436,436,436,436,436,436,436,436,436,436,436,61,61,61,436,436,436,436,436,436,859,
859,61,61,61,61,61,61,61,61,61,61,61,61,61,61,61,61,61,61,61,61,61,61,61,61,61,61,61,61,61,61,61,61,61,61,61,61,61,61,61,61,61,61,61,61,61,61,61,61,61,61,61,61,61,61,61,61,61,61,61,61,61,61,61,61,61,61,61,61,61,61,61,61,61,61,61,61,61,61,61,61,61,61,61,61,61,61,296,297,61,494,61,61,937,933,934,935,933,935,936,865,1821,1821,1821,1821,1821,1821,1821,1821,1821,1821,1821,1821,1821,1743,1736,1821,1821,1821,1821,1821,1821,1904,1904,1904,1904,1821,1821,1821,1798,1821,1821,1821,1802,1821,1821,1821,1821,1821,1821,1821,1821,1821,1904,1821,1821,1821,1821,1821,1821,1821,873,1821,1821,1821,1821,1904,1904,1904,1821,1821,1821,873,1821,1821,1821,1821,1821,1904,1904,1821,933,1821,1821,1821,1727,1727,61,61,61,61,61,859,729,729,729,729,729,729,729,729,729,729,729,729,729,859,61,61,61,495,495,495,495,495,495,495,495,495,495,495,495,495,495,495,495,495,495,495,495,495,495,495,495,495,495,495,495,495,495,495,495,495,495,495,495,495,495,495,495,495,495,495,495,495,495,61,61,61,495,495,495,495,495,495,859,
859,61,61,61,61,61,61,61,61,61,61,61,61,61,61,61,61,61,61,61,61,61,61,61,61,1018,1019,1020,61,61,61,61,61,61,61,61,61,61,61,61,61,61,61,61,61,61,61,61,61,61,61,61,61,61,61,61,61,61,61,61,61,61,61,61,61,61,61,61,61,61,61,61,61,61,61,61,61,61,61,61,61,61,61,61,61,61,859,859,859,859,859,859,859,865,865,865,865,865,934,935,865,1821,1821,1821,1821,1904,1904,1904,1821,1904,1821,1821,1821,1821,1743,1736,1821,1821,1821,1821,1821,1904,1904,1904,1904,1904,1821,1821,1821,1798,1821,1821,1821,1802,1821,1821,1821,1821,1821,1821,1904,1904,1904,1904,1821,1821,1821,1821,1821,1821,1821,873,1821,1821,1821,1821,1904,1904,1904,1904,1821,1821,873,1821,1821,1821,1821,1821,1904,1904,1904,865,865,865,865,865,859,859,859,859,61,61,859,859,859,859,859,859,859,859,859,859,859,859,859,859,859,859,859,859,859,859,859,859,859,859,859,859,859,859,859,859,859,859,859,859,859,859,859,859,859,859,859,859,859,859,859,859,859,859,859,859,859,859,859,859,859,859,859,859,859,859,859,859,859,859,61,61,61,859,859,859,859,859,859,859,
859,61,61,61,61,61,61,61,61,61,61,61,61,61,61,61,61,61,61,61,61,61,61,61,61,61,61,61,61,61,61,61,61,61,61,61,61,61,61,61,61,61,61,61,61,61,61,61,61,61,61,61,61,61,61,61,61,61,61,61,61,1018,1019,1020,61,61,61,61,61,61,61,61,61,61,61,61,61,61,61,61,61,61,1018,1019,1020,61,859,859,859,859,859,859,859,865,1821,1821,1821,1821,1821,1821,814,1821,1821,1821,1821,1904,1904,1904,1904,1904,1821,1821,1821,1821,1743,1821,1821,1821,1821,1821,1904,1904,1904,1904,1904,1904,1821,1821,1821,1798,1821,1821,1821,1802,1821,1821,1821,1821,1821,1904,1904,1904,1904,1904,1821,1821,1821,1821,1821,1821,1821,873,1821,1821,1821,1904,1904,1904,1904,1904,1821,1821,873,1821,1821,1821,1821,1904,1904,1904,1821,1904,865,865,865,865,859,61,61,61,61,61,61,61,61,61,61,61,61,61,61,61,61,61,61,61,61,61,61,61,61,61,61,61,61,61,61,61,61,61,61,61,61,61,61,61,61,61,61,61,61,61,61,61,61,61,61,61,61,61,61,61,61,61,61,61,61,61,61,61,61,61,61,61,61,61,61,61,61,61,61,61,61,61,61,859,
859,61,61,61,61,61,61,61,61,61,61,61,61,61,61,61,61,61,61,61,61,61,61,61,61,61,61,61,61,61,61,61,61,61,61,61,61,61,61,61,61,61,61,61,61,61,61,61,1018,1020,61,61,61,61,61,61,61,61,61,61,61,61,61,61,61,61,61,61,61,61,61,61,61,61,61,61,61,61,61,61,61,61,61,61,61,61,61,61,859,859,859,859,859,865,1821,1821,1821,1821,1821,1821,873,1821,1821,1821,1821,1904,1904,1904,1904,1904,1821,1821,1821,1821,1743,1821,1821,1821,1821,1821,1821,1821,1821,1821,1821,1821,1821,1821,1856,1857,1858,1821,1821,1802,1821,1821,1821,1821,1904,1904,1904,1904,874,1904,1821,1821,1821,1821,1821,1821,1821,873,1821,1821,1821,1904,1904,1904,1904,1904,1821,1821,873,1821,874,1821,1904,1904,865,1821,1904,1821,1821,1821,865,865,859,61,61,61,61,61,61,61,61,61,61,964,965,966,61,61,61,61,61,61,61,61,61,61,61,61,61,61,61,61,61,61,61,61,61,61,61,61,61,61,61,61,61,61,61,61,61,61,61,61,61,61,61,61,61,61,61,61,61,61,61,61,61,61,61,61,61,61,61,61,61,61,61,61,61,61,61,61,61,859,
859,61,61,61,61,61,61,61,61,61,61,61,61,61,61,61,61,61,61,61,61,61,61,61,61,61,61,61,61,39,40,61,61,61,61,61,61,61,61,61,61,61,61,61,61,61,61,61,61,61,61,61,61,61,61,61,61,61,61,61,61,61,61,61,61,61,61,61,61,61,61,61,61,61,61,61,61,61,355,356,357,358,359,360,61,61,61,61,859,859,859,859,859,865,1821,1821,1821,1821,1821,1821,873,1821,1821,1821,1821,1821,1821,1904,1904,1904,1821,1821,1821,1821,1743,1821,1821,1821,1821,1821,1821,1821,1821,1821,1821,1821,1821,1821,1915,1916,1917,1821,1821,1802,1821,1821,1821,1821,1904,1904,1904,1904,933,1912,1821,1912,1821,1821,1821,1821,1821,873,1821,1821,1912,1821,1821,1904,1904,1904,1821,1821,873,1821,933,1821,1821,1821,1821,1821,1821,1821,1821,1821,865,859,859,61,61,61,61,61,61,61,61,61,61,61,61,61,61,61,61,61,61,61,61,61,61,61,61,61,61,61,61,61,61,61,61,61,61,61,61,61,61,61,61,61,61,61,61,61,61,61,61,61,61,61,61,61,61,61,61,61,61,61,61,61,61,61,61,61,61,61,61,964,965,966,61,61,61,61,61,61,61,859,
859,61,61,61,61,61,61,61,61,61,61,61,61,61,61,61,61,61,61,61,61,61,61,61,61,61,95,96,61,98,99,61,61,61,61,61,61,61,61,61,61,61,61,61,61,61,61,61,61,61,61,61,61,61,61,61,61,61,61,61,61,61,61,61,61,61,61,61,61,61,61,61,61,61,61,61,61,61,61,415,416,417,418,61,61,61,61,61,61,61,859,859,859,865,1821,1821,1821,1821,1821,1821,873,1821,1821,1821,1821,1821,1821,1904,1904,1904,1821,1821,1821,1821,1743,1821,1821,1821,1821,1821,1821,1821,1821,1821,1821,1821,864,865,865,865,865,865,863,1802,1821,1821,1821,1821,1821,1821,1821,1821,865,865,865,865,1821,1821,1821,1821,1821,873,1821,1821,865,865,865,1904,1904,1821,1821,1821,873,1821,865,865,1821,1821,1821,1821,1821,1821,1821,1821,865,859,61,61,61,61,61,61,61,61,61,61,61,61,61,61,61,61,61,61,61,61,61,61,61,61,61,61,61,61,61,61,1097,1098,61,61,61,61,61,61,61,61,61,61,61,61,61,61,61,61,61,61,61,61,61,61,61,61,61,61,61,61,61,61,61,61,61,61,61,61,61,61,61,61,61,61,61,61,61,61,61,859,
859,61,61,61,61,61,61,61,61,61,1018,1019,1020,61,61,61,61,61,106,107,108,109,61,61,152,153,154,155,156,157,158,159,160,161,61,104,105,61,61,61,61,61,61,61,61,61,61,61,61,61,355,356,357,358,359,360,61,61,61,61,61,61,61,61,61,61,61,61,61,61,61,61,61,61,61,61,61,61,61,474,475,476,477,61,61,61,61,61,61,61,61,61,859,865,1821,1821,1904,1904,1821,1821,873,1821,1821,1821,1821,1821,1821,1821,1821,1904,1821,1821,1821,1821,1743,1821,1821,1821,1821,1821,1821,1785,1786,1904,1904,1821,865,865,865,865,865,865,865,1802,1821,1821,1821,1821,1821,1821,1821,1821,865,865,865,865,1821,1821,1821,1821,1821,873,1821,1821,865,865,865,1904,1821,1821,1821,1821,873,1821,865,865,1821,1821,1821,1821,1821,1821,1821,1821,865,859,61,61,61,61,61,61,61,61,61,61,61,61,61,61,61,61,61,61,61,61,61,61,61,61,61,61,61,61,61,61,61,61,61,61,61,61,61,61,61,61,61,61,61,61,1097,1098,61,61,61,61,61,61,61,61,61,61,61,61,61,61,61,61,61,61,61,61,61,61,61,61,67,68,69,61,61,61,61,61,61,859,
859,61,61,61,61,61,61,61,61,61,61,61,61,61,61,61,61,61,165,166,167,168,61,61,61,212,213,214,215,511,512,218,219,61,61,163,164,61,61,61,61,61,61,61,61,61,61,61,61,61,61,415,416,417,418,61,61,61,61,61,61,61,61,61,61,61,61,61,61,61,61,61,132,133,134,61,61,61,61,415,416,417,418,418,61,61,61,61,61,61,61,61,859,865,1821,1821,1904,1904,1821,1821,873,1821,1821,1821,1821,1821,1821,1821,1821,1821,1821,1821,1821,1821,1743,1821,1821,1821,1821,1821,1821,1904,1904,1904,1904,1904,1675,1676,1821,1821,1677,1675,1676,1802,1821,1821,1821,1821,1821,1821,1821,1821,1821,1675,1676,1821,1821,1821,1821,1821,1821,873,1821,1821,1677,1821,1677,1821,1821,1821,1821,1821,873,1821,1821,1821,1821,1821,1821,1904,1904,1821,1821,1821,865,859,61,61,61,61,61,61,61,61,61,61,61,61,61,61,61,61,61,61,61,61,61,61,61,61,61,61,61,61,61,61,61,61,61,61,61,61,61,61,61,61,61,61,61,61,61,61,61,61,61,61,61,61,61,61,61,61,61,61,61,61,61,61,61,61,61,61,61,61,61,61,126,127,128,61,61,61,61,61,61,859,
859,61,61,61,61,61,61,61,61,61,61,61,61,61,61,61,61,61,283,284,285,286,61,61,61,271,272,273,274,391,391,277,278,61,61,281,282,61,61,61,61,61,61,61,61,61,61,61,61,61,61,474,475,476,477,61,61,61,61,61,61,61,61,61,61,61,61,61,61,61,61,61,191,192,193,61,61,61,61,415,416,417,418,418,418,61,61,61,61,61,61,61,859,865,1821,1821,1904,1904,1821,1821,873,1821,1821,1821,1821,1821,1821,1821,1821,1821,1821,1821,1821,1821,1743,1821,1821,1821,1821,1821,1821,1821,1904,1904,1904,1904,1734,1735,1821,1821,1821,1734,1735,1802,1821,1821,1821,1821,1821,1821,1821,1821,1821,1734,1735,1821,1904,1821,1821,1821,1821,873,1821,1821,1821,1821,1821,1821,1821,1821,1821,1821,873,1821,1821,1821,1821,1821,1904,1904,1821,1821,1821,1821,865,859,61,61,61,61,61,61,61,61,61,61,61,61,61,61,61,61,61,61,61,61,61,61,61,61,61,61,61,61,61,61,61,61,61,61,61,61,61,61,61,61,61,61,61,61,61,61,61,61,61,61,61,61,61,61,61,61,61,61,61,61,61,61,61,61,61,61,61,61,61,61,185,186,187,61,61,61,61,61,61,859,
859,61,61,61,61,61,61,61,61,61,61,61,61,61,61,435,61,61,342,343,344,345,61,61,61,330,684,685,333,680,681,336,337,61,61,340,341,61,61,61,61,61,61,61,61,61,61,61,61,61,61,474,475,476,477,61,61,61,61,61,61,61,70,71,72,61,61,61,61,61,61,61,250,251,252,61,61,61,61,474,475,476,477,61,61,61,61,61,434,434,434,434,859,865,1821,1821,1904,1904,1821,1821,873,1821,1821,1821,1821,1821,1821,1821,1821,1821,1821,1821,1821,1821,1743,1821,1851,1852,1853,1821,1821,1821,1904,1904,1904,1904,1904,1821,1821,1821,1821,1821,1821,1802,1821,1821,1821,1821,1821,1821,1821,1821,1821,1821,1821,1821,1904,1821,1821,1821,1821,873,1821,1821,1821,1821,1821,1821,1821,1821,1821,1821,873,1821,1821,1821,1821,1904,1904,1904,1821,1821,1821,1821,865,859,61,61,61,61,61,61,61,61,61,61,61,61,61,61,61,61,61,61,61,61,61,61,61,61,61,61,61,61,61,61,61,61,61,61,61,61,61,61,61,61,61,61,61,61,61,61,61,61,61,61,61,61,61,61,61,61,61,61,61,61,61,61,61,61,61,61,61,61,61,61,244,245,246,61,61,61,61,61,61,859,
859,61,61,61,61,61,61,61,61,61,61,61,61,61,61,494,61,61,401,402,403,404,1436,1436,1436,389,743,744,390,739,740,390,396,1436,1436,399,400,61,61,61,261,262,61,61,61,263,61,61,61,61,532,533,534,535,536,537,61,61,61,320,321,61,129,130,131,61,61,366,367,368,61,61,309,310,311,61,61,61,532,533,534,535,536,537,61,366,367,368,493,493,493,493,859,865,1821,1821,1904,1904,1821,1821,873,1821,1821,1821,1821,1821,1821,1821,1821,1821,1821,1821,1821,1821,1743,1821,1910,1911,1912,1821,1821,1821,1904,1904,1904,1904,1904,1821,1821,1821,1821,1821,1821,1802,1821,1821,1821,1821,1821,1821,1821,1821,1821,1821,1821,1821,1904,1821,1821,1821,1821,873,1821,1821,1821,1821,1821,1904,1821,1821,1821,1821,873,1821,1821,1821,1821,1904,1904,1821,1821,1821,1821,1821,865,859,61,61,61,61,61,61,61,61,61,61,61,61,61,61,61,61,61,61,61,61,61,61,61,61,61,61,61,61,61,61,61,61,61,61,61,61,61,61,61,61,61,61,61,61,61,61,61,61,61,61,61,61,61,61,61,61,61,964,965,966,61,61,61,61,61,61,61,61,61,61,303,304,305,61,61,61,61,61,61,859,
859,61,61,61,61,61,61,61,61,61,61,61,542,543,544,545,544,544,544,544,544,544,544,544,544,544,544,544,544,544,544,544,544,544,544,544,544,544,544,544,544,544,544,544,544,544,544,544,544,544,544,544,544,544,544,544,544,544,544,544,544,544,544,544,544,544,544,544,544,544,544,544,544,544,544,544,544,544,544,544,544,544,544,544,544,544,544,544,544,544,544,544,859,865,1821,1821,1904,1904,1821,1821,873,1821,1821,1821,1821,1821,1821,1821,1821,1821,1821,1821,1821,1821,1743,865,865,865,865,1821,1821,1904,1904,1904,1904,1904,1821,1821,1821,1821,1821,1821,1821,1802,1821,1821,1821,1821,1821,1821,1821,1821,1821,1904,1904,1904,1904,1821,1821,1821,1821,873,1821,1821,1821,1821,1821,1904,1821,1821,1821,1821,873,1821,1821,1821,1904,1904,1904,1821,1821,1821,1821,1821,865,859,61,61,61,61,61,61,61,61,61,61,61,61,61,61,61,61,61,61,61,61,61,61,61,61,61,61,61,61,61,61,61,61,61,61,61,61,61,61,61,61,61,61,61,61,61,61,61,61,61,61,61,1097,1098,61,61,61,61,61,61,61,61,61,61,61,61,61,61,61,61,61,61,431,61,61,61,61,61,61,61,859,
859,61,61,61,61,61,61,61,61,61,61,61,61,602,603,603,603,603,603,603,603,603,603,603,603,603,603,603,603,603,603,603,603,603,603,603,603,603,603,603,603,603,603,603,603,603,603,603,603,603,603,603,603,603,603,603,603,603,603,603,603,603,603,603,603,603,603,603,603,603,603,603,603,603,603,603,603,603,603,603,603,603,603,603,603,603,603,603,603,603,603,604,859,865,1821,1821,1904,1904,1821,1821,873,1821,1821,1821,1821,1821,1821,1821,1904,1904,1821,1821,1821,1821,1743,865,865,865,865,1821,1821,1904,1904,1904,1904,1904,1821,1821,1821,1821,1821,1742,1742,1802,1821,1821,1821,1821,1821,1821,1821,1821,1821,1904,1904,1904,1904,1821,1821,1821,1821,873,1821,1821,1821,1821,1821,1904,1821,1821,1821,1821,873,1821,1821,1821,1904,1904,1904,1904,1904,1821,1821,1821,865,859,61,61,61,61,61,61,61,61,61,61,61,61,61,61,61,61,61,61,61,61,61,61,964,965,966,61,61,61,61,61,61,61,61,61,61,61,61,61,61,61,61,61,61,61,61,61,61,61,61,61,61,61,61,61,61,61,61,61,61,61,61,61,61,61,61,61,61,61,61,61,61,490,61,61,61,61,61,61,61,859,
859,61,61,61,61,61,61,61,61,61,61,61,61,602,603,603,603,603,603,603,603,603,603,603,603,603,603,603,603,603,603,603,603,603,603,603,603,603,603,603,603,603,603,603,603,603,603,603,603,603,603,603,603,603,603,603,603,603,603,603,603,603,603,603,603,603,603,603,603,603,603,603,603,603,603,603,603,603,603,603,603,603,603,603,603,603,603,603,603,603,603,604,859,865,1821,1821,1821,1904,1821,1821,873,1821,1821,1821,1821,1821,1821,1821,1904,1904,1821,1821,1821,1821,1743,1821,1675,1676,1821,1821,1821,1821,1821,1844,1904,1821,1821,1821,1821,1821,1821,1821,1821,1802,1821,1821,1821,1821,1904,1904,1821,1821,1821,1904,1904,1904,1904,1821,1821,1821,1821,873,1821,1821,1821,1821,1821,1904,1821,1821,1821,1821,873,1821,1821,1821,1904,1904,1904,1904,1904,1821,1821,1821,865,859,61,61,61,61,61,61,61,61,61,61,61,61,61,61,61,61,61,61,61,61,61,61,61,61,61,61,61,61,61,61,61,61,61,61,61,61,964,965,966,61,61,61,61,61,61,61,61,61,61,61,61,61,61,61,61,61,61,61,61,61,61,61,61,61,61,61,61,61,61,61,61,61,61,61,61,61,61,61,61,859,
859,61,61,61,61,61,61,61,61,61,61,61,61,61,61,61,61,61,61,61,61,61,61,61,61,61,61,61,61,61,61,61,61,61,61,61,61,61,61,61,61,61,61,61,61,61,61,61,61,61,61,61,61,61,61,61,61,61,61,61,61,61,61,61,61,61,61,61,61,61,61,61,61,61,61,61,61,61,61,61,61,61,61,61,61,61,61,61,61,61,61,61,859,865,1821,1821,1821,1904,1821,1821,873,1821,1821,1821,1821,1821,1821,1904,1904,1904,1821,1821,1821,1821,1743,1821,1734,1735,1821,1821,1821,1821,1821,1821,1821,1821,1821,1821,1821,1821,1821,1821,1821,1802,1821,1821,1821,1904,1904,1904,1821,1821,1821,1904,1904,1904,1904,1821,1821,1821,1821,873,1821,1821,1821,1821,1821,1904,1904,1821,1821,1821,873,1821,1821,1821,1821,1904,1904,1904,1904,1821,1821,1821,865,859,61,61,61,61,61,61,61,61,61,61,61,61,61,61,61,61,61,61,61,61,61,61,61,61,61,61,61,61,61,61,61,61,61,61,61,61,61,61,61,61,61,61,61,61,61,61,61,61,61,61,61,61,61,61,61,61,61,61,61,61,324,61,61,61,61,61,61,61,61,61,61,61,61,61,61,61,61,61,61,859,
859,61,61,61,61,61,61,61,61,61,61,61,61,61,61,61,61,61,61,61,61,61,61,61,61,61,61,61,61,61,61,61,61,61,61,61,61,61,61,61,61,61,61,61,61,61,61,61,61,61,61,61,61,61,61,61,61,61,61,61,61,61,61,61,61,61,61,61,61,61,61,61,61,61,61,61,61,61,61,61,61,61,61,61,61,61,61,61,61,61,61,61,859,865,865,1821,1821,1904,1821,1821,873,1821,1821,1821,1821,1821,1821,1904,1904,1904,1821,1821,1821,1821,1743,1821,1821,1821,1821,1821,1821,1821,1821,1821,1855,1855,1855,1904,1904,1904,1904,1821,1821,1802,1821,1821,1821,1904,1904,1904,1821,1821,1821,1821,1904,1904,1821,1821,1821,1821,1821,873,1821,1821,1821,1904,1904,1904,1904,1904,1821,1821,873,1821,1821,1821,1821,1821,1904,1904,1904,1821,1821,1821,865,859,61,61,61,61,61,61,61,61,61,61,61,61,61,61,61,61,61,61,61,61,61,61,61,61,61,61,61,61,61,61,61,61,61,61,61,61,61,61,61,61,61,61,61,61,61,61,61,61,61,61,61,61,61,61,61,61,61,61,61,61,431,61,61,61,61,61,61,61,61,61,61,61,61,61,61,61,61,61,61,859,
859,61,61,61,61,61,61,61,61,61,61,61,61,61,61,61,61,61,61,61,61,61,61,61,61,61,61,61,61,61,61,61,61,61,61,61,61,61,61,61,61,61,61,61,61,61,61,61,61,61,61,61,61,61,61,61,61,61,61,61,61,61,61,61,61,61,61,61,61,61,61,61,61,61,61,1018,1020,61,61,61,61,61,61,61,61,61,61,61,61,61,61,61,859,865,865,1821,1821,1904,1821,1821,873,1821,1821,1821,1821,1821,1821,1904,1904,1904,1821,1821,1821,1821,1743,1821,1821,1821,1821,1821,1821,1821,1821,1821,874,446,447,1904,1904,1904,1904,1821,1821,1802,1821,1821,1821,1904,1904,1904,1821,1821,1821,1821,1904,1904,1821,1821,1821,1821,1821,873,1821,1821,1821,1904,1904,1904,1904,1904,1821,1821,873,1821,1821,1821,1821,1821,1904,1904,1821,1821,1821,1821,865,859,61,61,61,61,61,61,61,61,61,61,61,61,61,61,61,61,61,61,61,61,61,61,61,61,61,61,61,61,61,61,61,61,61,61,61,61,61,61,61,61,61,61,61,61,61,61,61,61,61,61,61,61,61,61,61,61,61,61,61,61,490,61,61,61,61,61,61,61,61,61,61,61,61,61,61,61,61,61,61,859,
859,61,61,61,61,61,61,1018,1020,61,61,61,61,61,61,61,61,61,61,61,61,61,61,61,61,61,61,61,61,61,61,61,61,61,61,61,61,61,61,61,61,61,61,61,61,61,61,61,61,61,61,61,61,61,61,61,61,61,61,61,61,61,61,61,61,61,61,61,61,61,61,61,61,61,61,61,61,61,61,61,61,61,61,61,61,61,61,61,61,61,61,61,859,859,865,1821,1821,1904,1821,1821,873,1821,1821,1821,1821,1821,1821,1904,1904,1821,1821,1821,1821,1821,1743,1821,1821,1821,1821,1821,1821,1821,1821,865,933,741,742,1904,1904,1904,1904,1821,1821,1802,1821,1821,1821,1904,1904,1821,1821,1821,1821,1821,1904,1904,1821,1821,1821,1821,1821,873,1821,1821,1821,1904,1904,1904,1904,1904,1821,1821,873,1821,1821,1821,1821,1821,1821,1821,1821,1821,1821,1821,865,859,61,61,61,61,61,61,61,61,61,1097,1098,61,61,61,61,61,61,61,61,61,61,61,61,61,61,61,61,61,61,61,61,61,61,61,61,61,61,61,61,61,61,121,122,61,61,61,61,61,61,61,61,61,61,61,61,61,61,61,61,61,61,61,61,61,61,61,61,61,61,61,61,61,61,61,61,61,61,61,61,859,
859,61,61,61,61,61,61,61,61,61,61,61,61,61,61,61,61,61,61,61,61,61,61,61,61,61,61,61,61,61,61,61,61,61,61,61,61,61,61,61,61,61,61,61,61,61,61,61,61,61,61,61,61,61,61,61,61,61,61,61,61,61,61,61,61,61,61,61,61,61,61,61,61,61,61,61,61,61,61,61,61,61,61,61,61,61,61,61,61,61,61,61,859,859,865,1821,1821,1904,1821,1821,873,1821,1821,1821,1821,1821,1821,1904,1904,1821,1821,1821,1821,1821,1743,1821,1821,1821,1821,1821,1821,1821,1821,865,865,865,865,865,1904,1904,1904,1821,1821,1802,1821,1821,1904,1904,1904,1821,1821,1821,1821,1821,1821,1821,1821,1821,1821,1821,1821,873,1821,1821,1821,1904,1904,1904,1904,1904,1821,1821,873,1821,1821,1821,1821,1821,1821,1821,1821,1821,1821,1821,865,859,61,61,61,61,61,61,61,61,61,61,61,61,61,61,61,61,61,61,61,61,61,61,61,61,61,61,61,61,61,61,61,61,61,61,61,61,61,61,61,61,61,180,181,61,61,61,61,61,61,323,61,61,61,61,61,61,61,61,61,61,61,61,61,61,61,61,61,61,61,61,61,61,61,61,61,61,61,61,61,859,
859,61,61,61,61,261,262,263,61,61,61,61,61,61,61,61,61,61,61,61,61,61,61,61,61,61,61,61,61,61,61,61,61,61,61,61,61,61,61,61,61,61,61,61,61,61,61,61,61,61,61,61,61,61,61,61,61,61,61,61,61,61,61,61,61,61,61,61,61,61,61,61,61,61,61,61,61,61,61,61,61,61,61,61,61,61,61,61,61,61,61,61,859,859,865,1821,1821,1821,1821,1821,873,1821,1821,1821,1821,1821,1904,1904,1904,1821,1821,1821,1821,1821,1743,1821,1821,1904,1904,1904,1904,1821,1821,865,865,865,865,865,1904,1904,1904,1821,1821,1802,1821,1821,1904,1904,1904,1821,1821,1821,1821,1821,1821,1821,1821,1821,1821,1821,1821,873,1821,1821,1821,1821,1904,1904,1904,1904,1821,1821,873,1821,1821,1821,1821,1821,1821,1821,1821,1821,1821,865,859,859,61,61,61,61,61,61,61,61,61,61,61,61,61,61,61,61,61,61,61,61,61,61,61,61,61,61,61,61,61,61,123,124,125,61,61,61,61,61,61,61,61,239,240,61,61,61,61,61,61,431,61,61,61,61,61,61,61,61,61,61,61,61,61,61,61,61,61,61,61,61,61,61,61,61,61,61,61,61,61,859,
859,61,61,61,424,425,426,427,428,61,61,61,61,61,61,61,61,61,61,61,61,61,61,61,61,61,61,61,61,61,61,61,61,61,61,61,61,61,61,61,61,61,61,61,61,61,61,61,61,61,61,61,61,61,1018,1020,61,61,61,61,61,61,61,61,61,61,61,61,61,61,61,61,61,61,61,61,61,61,61,61,61,61,61,61,61,61,61,61,61,61,61,61,859,859,865,1821,1821,1821,1821,1821,873,1821,1821,1821,1821,1904,1904,1904,1904,1821,1821,1821,1821,1821,1743,1821,1821,1821,1904,1904,1904,1904,1904,1821,1821,1675,1676,1821,1904,1904,1904,1821,1821,1802,1821,1821,1821,1904,1821,1821,1821,1821,1821,1821,1821,1821,1821,1821,1821,1821,1821,873,1821,1821,1821,1821,1904,1904,1904,1904,1821,1821,873,1821,1821,1821,1821,1821,1821,1821,1821,1821,1821,865,859,61,61,61,61,61,61,61,61,61,61,61,61,61,61,61,61,61,61,61,61,61,61,61,61,61,61,61,61,61,61,61,182,183,184,61,61,61,61,61,61,61,61,298,299,61,61,61,61,61,61,490,61,61,61,61,61,61,61,61,61,61,61,61,61,61,61,61,61,61,61,61,61,61,61,61,61,61,61,61,61,859,
859,61,61,61,61,484,485,486,61,61,61,61,61,61,61,61,61,61,61,61,61,61,61,61,61,61,61,61,61,61,61,61,61,61,61,61,61,61,61,61,61,61,61,61,61,61,61,61,61,61,61,61,61,61,61,61,61,61,61,61,61,61,61,61,61,61,61,61,61,61,61,61,61,61,61,61,61,61,61,61,61,61,61,61,61,61,61,61,61,61,61,61,61,859,865,1821,1821,1821,1821,1821,873,1821,1821,1821,1821,1904,1904,1904,1904,1821,1821,1821,1821,1821,1743,1821,1821,1821,1821,1821,1821,1904,1904,1904,1904,1734,1735,1821,1904,1904,1904,1821,1821,1802,1821,1821,1851,1852,1821,1821,1821,1821,1821,1821,1821,1821,1821,1821,1821,1821,1821,873,1821,1821,1821,1821,1904,1904,1904,1904,1821,1821,873,1821,1821,1821,1821,1821,1904,1904,1821,1821,1821,865,859,61,61,61,61,61,61,61,61,61,61,61,61,61,61,61,61,61,61,61,61,61,61,61,61,61,61,61,61,61,61,61,241,242,243,61,61,61,61,61,61,61,429,430,432,433,61,61,61,61,61,61,61,61,61,61,61,61,61,61,61,61,61,61,61,61,61,61,61,61,61,61,61,61,61,61,61,61,61,61,61,859,
859,61,61,61,61,61,61,61,61,61,61,61,61,61,61,61,61,61,61,61,61,61,61,61,61,61,61,61,61,61,61,61,61,61,61,61,61,61,61,61,61,61,61,61,61,61,61,61,61,61,61,61,61,61,61,61,61,61,61,61,61,61,61,61,61,61,61,61,61,61,61,61,61,61,61,61,61,61,61,61,61,61,61,61,61,61,61,61,61,61,61,61,61,859,865,1821,1821,1821,1821,1821,873,1821,1821,1821,1821,1904,1904,1904,1904,1821,1821,1821,1821,1821,1743,1821,1821,1821,1821,1821,1821,1821,1821,1821,1821,1821,1821,1821,1904,1904,1904,1821,1821,1802,1821,1821,1910,1911,1821,1821,1821,1821,1821,1821,1821,1821,1821,1821,1821,1821,1821,873,1821,1821,1821,1821,1821,1904,1904,1821,1821,1821,873,1821,1821,1821,1821,1904,1904,1904,1821,1821,1821,865,859,61,61,61,61,61,61,61,61,61,61,61,61,61,61,61,61,61,61,61,61,61,61,61,61,61,61,61,61,61,61,61,300,301,371,372,61,61,61,61,61,61,61,489,491,492,61,61,61,61,61,61,61,61,61,61,61,61,61,61,61,1097,1098,61,61,61,61,61,61,61,61,61,61,61,964,965,966,61,61,61,61,859,
859,61,61,61,61,61,61,61,61,61,61,61,61,61,61,61,61,61,61,61,61,61,61,61,61,61,61,61,61,61,61,61,61,61,61,61,61,61,61,61,61,61,61,61,61,61,61,61,61,61,61,61,61,61,61,61,61,61,61,61,61,61,61,61,61,61,61,61,61,61,61,61,61,61,61,61,61,61,61,61,61,61,61,61,61,61,61,61,61,61,61,61,61,859,865,1821,1821,1821,1821,1821,873,1821,1821,1821,1821,1904,1904,1904,1904,1821,1821,1821,1821,1821,1743,1821,1821,1821,1821,1821,1821,1821,1821,1821,1821,1821,1821,1821,1904,1904,1821,1821,1821,1802,1821,1821,865,865,1821,1821,1821,1821,1821,1821,1821,1821,1821,1821,1821,1821,1821,873,1821,1821,1821,1821,1821,1821,1821,1821,1821,1821,873,1821,1821,1821,1821,1904,1904,1904,1821,1821,1821,865,859,61,61,61,61,61,61,61,61,61,61,61,61,61,61,61,61,61,61,61,61,61,61,61,61,61,61,61,61,61,61,61,429,430,431,432,433,61,61,61,61,61,61,61,61,61,61,61,61,61,61,61,61,61,61,61,61,61,61,61,61,61,61,61,61,61,61,61,61,61,61,61,61,61,61,61,61,61,61,61,61,859,
859,61,61,61,61,61,61,61,61,61,61,61,61,61,61,61,1018,1020,61,61,61,61,61,61,61,61,61,61,61,61,61,61,61,61,61,61,61,61,1018,1020,61,61,61,61,61,61,61,61,61,61,61,61,61,61,61,61,61,61,61,61,61,61,61,61,61,61,61,61,61,61,61,61,61,61,61,61,61,61,61,61,61,61,61,61,61,61,61,61,61,61,61,61,61,859,865,1821,1821,1821,1821,1821,873,1821,1821,1821,1821,1821,1904,1904,1904,1821,1821,1821,1821,1821,1743,1821,1821,1821,1821,1821,1821,1821,1821,1904,1821,1821,1821,1821,1904,1821,1821,1821,1821,1802,1821,1821,1821,1821,1821,1821,1821,1821,1821,1821,1821,1821,1821,1821,1821,1821,1821,873,1821,1821,1821,1821,1821,1821,1821,1821,1821,1821,873,1821,1821,1821,1904,1904,1904,1821,1821,1821,1821,865,859,61,61,61,61,61,61,61,61,61,61,61,61,61,61,61,61,61,61,61,61,61,61,61,61,61,61,61,61,61,61,61,488,489,490,491,492,61,61,61,61,61,61,61,61,61,61,61,61,964,965,966,61,61,61,61,61,61,61,61,61,61,61,61,61,61,61,61,61,61,61,61,61,61,61,61,61,61,61,61,61,859,
859,61,61,61,61,61,61,61,61,61,61,61,61,61,61,61,61,61,61,61,61,61,61,61,61,61,61,61,61,61,61,61,61,61,61,61,61,61,61,61,61,61,61,61,61,61,61,61,61,61,61,61,61,61,61,61,61,61,61,61,61,61,61,61,61,61,61,61,61,61,61,61,61,61,61,61,61,61,61,61,61,61,61,61,61,61,61,61,61,61,61,61,61,859,865,1821,1821,1821,1821,1821,873,1821,1821,1821,1821,1821,1821,1904,1904,1821,1821,1821,1821,1821,1743,1821,1821,1821,1821,1821,1821,1904,1904,1904,1821,1821,1821,1821,1904,1821,1821,1821,1821,1802,1821,1821,1821,1821,1821,1821,1821,1904,1821,1821,1821,1821,1821,1821,1821,1821,1821,873,1821,1821,1821,1821,1821,1821,1821,1821,1821,1821,873,1821,1821,1821,1904,1904,1904,1821,1821,1821,1821,865,859,61,61,61,61,61,61,61,61,61,61,61,61,61,61,61,61,61,61,61,61,61,61,61,61,61,61,61,61,61,61,61,61,489,490,491,61,61,61,61,61,61,61,61,61,61,61,61,61,61,61,61,61,61,61,61,61,61,61,61,61,61,61,61,61,61,61,61,61,61,61,61,61,61,61,61,61,61,61,61,61,859,
859,61,61,61,61,61,61,61,61,61,61,61,61,61,61,61,61,61,61,61,61,61,61,61,61,61,61,61,61,61,61,61,61,61,61,61,61,61,61,61,61,61,61,61,61,61,61,61,61,61,61,61,61,61,61,61,61,61,61,61,61,61,61,61,61,61,61,61,61,61,61,61,61,61,61,61,1018,1019,1020,61,61,61,61,61,61,61,61,61,61,61,61,61,61,859,865,1821,1821,1904,1821,1821,873,1821,1821,1821,1821,1821,1821,1821,1821,1821,1821,1821,1821,1821,1743,1821,1821,1821,1821,1821,1821,1904,1904,1904,1821,1821,1821,1821,1904,1821,1821,1821,1821,1802,1821,1821,1821,1821,1904,1904,1904,1904,1821,1821,1821,1821,1821,1821,1821,1821,1821,873,1821,1821,1821,1821,1821,1821,1821,1821,1821,1821,873,1821,1821,1821,1904,1904,1821,1821,1821,1821,1821,865,859,61,61,61,61,61,61,61,61,61,61,61,61,61,61,61,61,61,61,61,61,61,61,61,61,61,61,61,61,61,61,61,61,61,61,61,61,61,61,61,61,61,61,61,61,61,61,61,61,61,61,61,61,61,61,61,61,61,61,61,61,61,61,61,61,61,61,61,61,61,61,61,61,61,61,61,61,61,61,61,61,859,
859,61,61,61,61,61,61,61,61,61,61,61,61,61,366,367,368,61,61,61,61,61,61,61,61,61,61,61,61,61,61,61,61,61,61,61,61,61,61,61,61,61,61,61,61,61,61,61,61,61,61,61,61,61,61,61,61,61,61,61,61,61,61,61,61,61,61,61,61,61,61,61,61,61,61,61,61,61,61,61,61,61,61,61,61,61,61,61,61,61,61,61,61,859,865,1821,1821,1904,1821,1821,873,1821,1821,1821,1821,1821,1821,1821,1821,1821,1821,1821,1821,1821,1743,1821,1821,1821,1821,1821,1821,1904,1904,1821,1821,1821,1821,1821,1821,1821,1821,1821,1821,1802,1821,1821,1821,1904,1904,1904,1904,1904,1904,1821,1821,1821,1821,1821,1821,1821,1821,873,1821,1821,1821,1821,1821,1821,1821,1821,1821,1821,873,1821,1821,1821,1904,1904,1821,1821,1821,1821,865,859,859,61,61,61,61,61,61,61,61,61,61,61,61,61,61,61,61,61,61,61,61,61,61,61,61,61,61,61,61,61,61,61,61,61,61,61,61,61,61,61,61,61,61,61,61,61,61,61,61,61,61,61,61,61,61,61,61,61,61,61,61,61,61,61,61,61,61,61,61,61,61,61,61,61,61,61,61,61,61,61,61,859,
859,61,61,61,61,61,61,61,61,61,61,61,61,424,425,426,427,428,61,61,61,61,61,61,61,61,61,61,61,61,61,61,61,61,61,61,61,61,61,61,61,61,61,61,61,61,61,61,61,61,61,61,61,61,61,61,61,61,61,61,61,61,61,61,61,61,61,61,61,61,61,61,61,61,61,61,61,61,61,61,61,61,61,61,61,61,61,61,61,61,61,61,61,859,865,1821,1821,1904,1821,1821,873,1821,1821,1821,1821,1821,1821,1821,1821,1821,1821,1821,1821,1821,1743,1821,1821,1821,1821,1821,1821,1821,1821,1821,1821,1821,1821,1821,1821,1821,1821,1821,1821,1802,1821,1821,1821,1904,1904,1904,1821,1821,1821,1821,1821,1821,1821,1821,1821,1821,1821,873,1821,1821,1821,1821,1821,1821,1821,1821,1821,1821,873,1821,1821,1821,1904,1904,1821,1821,1821,1821,865,859,61,61,61,61,61,61,61,61,61,61,61,61,61,61,61,61,61,61,61,61,61,61,61,61,61,61,61,61,61,61,61,61,61,61,61,61,61,61,61,61,61,61,61,61,61,61,61,61,61,61,61,61,61,61,61,61,61,61,61,61,61,61,61,61,61,61,61,61,61,61,61,61,61,61,61,61,61,61,61,61,61,859,
859,61,61,61,61,61,61,61,61,61,61,61,61,61,484,485,486,61,61,61,61,61,61,61,61,61,61,61,61,61,61,61,61,61,61,61,61,61,61,61,61,61,61,61,61,61,61,61,61,61,61,61,61,61,61,61,61,61,61,61,61,61,61,61,61,61,61,61,61,61,61,61,61,61,61,61,61,61,61,61,61,61,61,61,61,61,61,61,61,61,61,61,61,859,865,1821,1821,1904,1821,1821,873,1821,1821,1821,1821,1821,1821,1821,1821,1821,1821,1821,1821,1821,1743,1821,1821,1821,1821,1821,1821,1821,1821,1821,1821,1821,1821,1821,1821,1821,1821,1821,1821,1802,1821,1821,1904,1904,1904,1904,1821,1821,1821,1821,1821,1821,1821,1821,1821,1821,1821,873,1821,1821,1821,1821,1821,1904,1904,1821,1821,1821,873,1821,1821,1904,1904,1904,1821,1821,1821,1821,865,859,61,61,61,61,61,61,61,61,61,61,61,61,61,61,61,61,964,965,966,61,61,61,61,61,61,61,61,61,61,61,61,61,61,61,61,61,61,61,61,61,61,61,61,61,61,61,1097,1098,61,61,61,61,61,61,61,61,61,61,61,61,61,61,61,61,61,61,61,61,61,61,61,61,61,61,61,61,61,61,61,61,61,859,
859,61,61,61,61,61,61,61,61,61,61,61,61,61,61,61,61,61,61,61,61,61,61,61,61,61,324,325,61,61,61,61,61,61,61,61,61,61,61,61,61,61,61,61,61,61,61,61,61,61,61,61,61,61,61,61,61,61,61,61,61,61,61,61,61,61,61,61,61,61,61,61,61,61,61,61,61,61,61,61,61,61,61,61,61,61,61,61,61,61,61,61,61,859,865,1821,1821,1904,1821,1821,873,1821,1821,1821,1821,1821,1821,1821,1821,1821,1821,1821,1821,1821,1743,1821,1821,1821,1821,1821,1821,1821,1821,1821,1821,1821,1821,1821,1821,1821,1821,1821,1821,1802,1821,1821,1821,1821,1904,1904,1821,1912,1821,1912,1821,1821,1821,1821,1821,1821,1821,873,1821,1821,1821,1821,1904,1904,1904,1821,1821,1821,873,1821,1821,1904,1904,1821,1821,1821,1821,1821,865,859,61,61,61,61,61,61,61,61,61,61,61,61,61,61,61,61,61,61,61,61,61,61,61,61,61,61,61,61,61,61,61,61,61,61,61,61,61,61,859,61,61,61,61,61,61,61,61,61,61,61,61,61,61,61,61,61,61,61,61,61,61,61,61,61,61,61,61,61,61,61,61,61,61,61,61,61,61,61,61,61,61,859,
859,61,61,61,61,61,61,61,61,61,61,61,61,61,61,61,61,61,61,61,61,61,61,61,61,424,425,426,427,428,61,61,61,61,61,61,61,61,61,61,322,323,61,61,61,61,61,61,61,61,61,61,61,61,61,61,61,61,61,61,61,61,61,61,61,61,61,61,61,61,61,61,61,61,61,61,61,61,61,61,61,61,61,61,61,61,61,61,61,61,61,61,61,859,865,1821,1821,1904,1821,1821,873,1821,1821,1821,1821,1821,1821,1821,1821,1821,1821,1821,1821,1821,1743,1821,1821,1821,1821,1821,1821,1821,1821,1821,1821,1821,1821,1821,1821,1821,1821,1821,1821,1802,1821,1821,1821,1821,1821,1904,1821,865,865,865,1821,1821,1821,1821,1821,1821,1821,873,1821,1821,1821,1821,1904,1904,1904,1821,1821,1821,873,1821,1821,1904,1904,1821,1821,1821,1821,1821,865,859,61,61,61,61,61,61,61,61,61,61,61,61,61,61,61,61,61,61,61,61,61,61,61,61,61,61,61,1097,1098,61,61,61,61,61,61,61,61,61,61,61,61,61,61,61,61,61,61,61,61,61,61,61,61,61,61,61,61,61,61,61,61,61,61,61,61,61,61,964,965,966,61,61,61,61,61,61,61,61,61,61,61,859,
859,61,61,61,61,61,61,61,61,61,61,61,61,61,61,61,61,61,61,61,61,61,61,61,61,61,484,485,486,61,61,61,61,61,61,61,61,61,61,424,425,426,427,428,61,61,61,61,61,61,61,61,61,61,61,61,61,61,61,61,61,61,434,61,61,61,61,61,61,61,61,61,61,61,61,61,61,61,61,61,61,61,61,61,61,61,61,61,61,61,61,61,61,859,865,1821,1821,1904,1821,1821,873,1821,1821,1821,1821,1821,1821,1821,1821,1821,1821,1821,1821,1821,1743,1821,1821,1821,1821,1821,1821,1821,1821,1821,1821,1821,1821,1821,1821,1821,1821,1821,1821,1802,1821,1821,1821,1821,1821,1904,1821,1821,1821,1821,1821,1821,1821,1821,1821,1821,1821,873,1821,1821,1821,1821,1904,1904,1904,1821,1821,1821,873,1821,1821,1821,1821,1821,1821,1821,1821,1821,865,859,61,61,61,61,61,61,61,61,61,61,61,61,61,61,61,61,61,61,61,61,61,61,61,61,61,61,61,61,61,61,61,61,61,61,61,61,61,61,61,61,61,61,61,61,61,61,61,61,61,61,61,61,61,61,61,61,61,61,61,61,61,61,61,61,61,61,61,61,61,61,61,61,61,61,61,61,61,61,61,61,61,859,
859,61,61,61,61,61,61,61,61,61,61,61,61,61,61,61,61,61,61,61,61,61,61,61,61,61,61,61,61,61,61,61,61,61,61,61,61,61,61,61,484,485,486,61,61,61,61,61,61,61,61,61,61,61,61,61,61,61,61,61,61,61,493,61,61,61,61,61,61,61,61,61,61,61,61,61,61,61,61,61,61,61,61,61,61,61,61,61,61,61,61,61,61,859,865,1821,1904,1904,1821,1821,873,1821,1821,1821,1821,1821,1821,1821,1821,1821,1821,1821,1821,1821,1743,1821,1821,1821,1821,1821,1821,1821,1821,1904,1904,1904,1904,1821,1821,1821,1821,1821,1821,1802,1821,1821,1821,1821,1821,1904,1821,1821,1821,1821,1821,1821,1821,1821,1821,1821,1821,873,1821,1821,1821,1821,1904,1904,1821,1821,1821,1821,873,1821,1821,1821,1821,1821,1821,1821,1821,865,859,859,61,61,61,61,61,61,61,61,61,61,61,61,61,61,61,61,61,61,61,61,61,61,61,61,61,61,61,61,61,61,61,61,61,61,61,61,61,61,61,61,61,178,179,61,61,61,61,61,61,61,61,61,61,61,61,61,61,61,61,61,61,61,61,61,61,61,61,61,61,61,61,61,61,61,61,61,964,965,966,61,61,859,
859,61,61,61,61,61,61,61,61,61,61,61,61,61,61,61,61,61,61,61,61,61,61,61,61,61,61,61,61,61,61,61,61,61,61,61,61,61,61,61,61,61,61,61,61,61,61,61,61,61,61,61,61,61,61,61,61,61,61,61,424,425,426,427,428,61,61,61,61,61,61,61,61,61,61,61,61,61,61,61,61,61,61,61,61,61,61,61,61,61,61,61,61,859,865,1821,1904,1821,1821,1821,873,1821,1821,1821,1904,1904,1904,1904,1821,1821,1821,1821,1821,1821,1743,1821,1821,1821,1821,1821,1821,1904,1904,1904,1904,1904,1821,1821,1821,1821,1821,1821,1821,1802,1821,1821,1821,1821,1821,1821,1821,1821,1821,1821,1821,1821,1821,1821,1821,1821,1821,873,1821,1821,1821,1821,1904,1904,1821,1821,1821,1821,873,1821,1821,1821,1821,1821,1821,1821,1821,865,859,61,61,61,61,61,61,61,61,61,61,61,61,61,61,61,61,61,61,61,61,61,61,61,61,61,61,61,61,61,61,61,61,61,61,61,61,61,61,61,61,61,61,237,238,61,61,61,61,61,61,61,61,61,61,61,61,61,61,61,61,61,61,61,61,61,61,61,61,61,61,61,61,61,61,61,61,61,61,61,61,61,61,859,
859,61,61,61,61,61,61,61,1018,1019,1020,61,61,61,61,61,61,61,61,61,61,61,61,61,61,61,61,61,61,61,61,61,61,61,61,61,61,61,61,61,61,61,61,61,61,61,61,61,61,61,61,61,61,61,61,61,61,61,61,61,61,484,485,486,61,61,61,61,61,61,61,61,61,61,61,61,61,61,61,61,61,61,61,61,61,61,61,61,61,61,61,61,61,859,865,1821,1904,1821,1821,1821,873,1821,1821,1821,1821,1904,1904,1904,1904,1821,1821,1821,1821,1821,1743,1821,1821,1821,1821,1821,1904,1904,1904,1904,1904,1904,1821,1821,1821,1821,1821,1821,1821,1802,1821,1821,1821,1821,1821,1821,1821,1821,1821,1821,1821,1821,1904,1821,1821,1821,1821,873,1821,1821,1821,1821,1904,1821,1821,1821,1821,1821,873,1821,1821,1821,1821,1821,1821,1821,1821,865,859,61,61,61,61,61,61,61,61,61,61,61,61,61,61,61,61,61,61,61,61,61,61,61,61,61,61,61,61,61,61,61,61,61,61,61,61,61,61,61,61,61,61,296,297,61,61,61,61,61,61,61,61,61,61,61,61,61,61,61,61,61,61,61,61,61,61,61,61,61,61,61,61,61,61,61,61,61,61,61,61,61,61,859,
859,61,61,61,61,61,61,61,61,61,61,61,61,61,61,61,61,61,61,61,61,61,61,61,61,61,61,61,61,61,61,61,61,61,61,61,61,61,61,61,61,61,61,61,61,61,61,61,61,61,61,61,61,61,61,61,61,61,61,61,61,61,61,61,61,61,61,61,61,61,61,61,61,61,61,61,61,61,61,61,61,61,61,61,61,61,61,61,61,61,61,61,61,859,865,1821,1821,1821,1821,1821,873,1821,1821,1821,1821,1904,1904,1904,1904,1821,1821,1821,1821,1821,1743,1821,1821,1821,1821,1821,1821,1821,1904,1904,1904,1904,1821,1821,1821,1821,1821,1821,1821,1802,1821,1821,1912,1821,1821,1821,1821,1821,1821,1821,1904,1904,1904,1821,1821,1821,1821,873,1821,1821,1821,1904,1904,1821,1821,1821,1821,1821,873,1821,1821,1821,1821,1821,1821,1821,865,859,859,61,61,61,61,61,61,61,61,61,61,61,61,61,61,61,61,61,61,61,61,1097,1098,61,61,61,61,61,61,61,61,61,61,61,61,61,61,61,61,61,61,61,61,859,61,61,61,61,61,61,61,859,61,61,61,61,61,61,61,61,61,61,61,61,61,61,61,61,61,61,61,61,61,61,61,61,61,61,61,61,61,61,61,859,
859,61,61,61,61,61,61,61,61,61,61,61,61,61,61,61,61,61,61,61,61,61,61,61,61,61,61,61,61,61,61,61,61,61,61,61,61,61,61,61,61,61,61,61,61,61,61,61,61,61,61,61,61,61,61,61,61,61,61,61,61,61,61,61,61,61,61,61,61,61,61,61,61,61,61,61,61,61,61,61,61,61,61,61,61,61,61,61,61,61,61,61,61,859,865,1821,1821,1821,1821,1821,873,1821,1821,1821,1821,1904,1904,1904,1904,1821,1821,1821,1821,1821,1743,1821,1821,1821,1821,1821,1821,1821,1821,1904,1904,1821,1821,1821,1821,1821,1821,1821,1821,1802,1821,865,865,865,865,1821,1821,1821,1821,1904,1904,1904,1904,1821,1821,1821,1821,873,1821,1821,1821,1904,1904,1821,1821,1821,1821,1821,873,1821,1821,1821,1821,1821,1821,1821,865,859,61,61,61,61,61,61,61,61,61,61,61,61,61,61,61,61,61,61,61,61,61,61,61,61,61,61,61,61,61,61,61,61,61,61,61,61,61,61,61,61,61,61,61,61,61,61,61,61,61,61,61,859,61,61,61,61,61,61,61,61,61,61,61,61,61,61,61,61,61,61,61,61,61,61,61,61,61,61,61,61,61,61,61,859,
859,61,61,61,61,61,61,61,61,61,61,61,61,61,61,61,61,61,61,61,61,61,61,61,61,61,61,61,61,61,61,61,61,61,61,61,61,61,61,61,61,61,61,61,1018,1020,61,61,61,61,61,61,61,61,61,61,61,61,61,61,61,1018,1020,61,61,61,61,61,61,61,61,61,61,61,61,61,61,61,61,61,61,61,61,61,61,61,61,61,61,61,61,61,61,859,865,1821,1821,1904,1821,1821,873,1821,1821,1821,1821,1821,1904,1904,1821,1821,1821,1821,1821,1821,1743,1821,1821,1821,1821,1821,1821,1821,1821,1821,1821,1821,1821,1821,1821,1821,1821,1821,1821,1802,1821,1821,1821,1821,1821,1821,1821,1821,1904,1904,1904,1904,874,1821,1821,1821,1821,873,1821,1821,1821,1904,1821,1821,1821,1821,1821,1821,873,1821,1821,1821,1821,1821,1821,1821,865,859,61,61,61,61,61,61,61,61,61,61,61,61,61,61,61,61,61,61,61,61,61,61,61,61,61,61,61,61,61,61,61,61,61,61,61,61,61,61,61,61,61,61,61,61,61,61,61,61,61,61,61,859,61,61,61,61,61,61,61,61,61,61,61,61,61,61,61,1097,1098,61,61,61,61,61,61,61,61,61,61,61,61,61,61,859,
859,61,61,61,61,61,61,61,61,61,61,61,61,61,61,61,61,61,61,61,61,61,61,61,61,61,61,61,61,61,1018,1019,1020,61,61,61,61,61,61,61,61,61,61,61,61,61,61,61,61,61,61,61,61,61,61,61,61,61,61,61,61,61,61,61,61,61,61,61,61,61,61,61,61,61,61,61,320,321,61,61,61,61,61,61,61,61,1018,1019,1020,61,61,61,61,859,865,1821,1821,1904,1904,1821,873,1821,1821,1821,1821,1821,1821,1821,1821,1821,1821,1821,1821,1821,1743,1821,1821,1821,1821,1821,1821,1821,1821,1821,1821,1821,1821,1821,1821,1821,1821,1821,1821,1802,1821,1821,1821,1821,1821,1821,1821,1904,1904,1904,1904,1912,933,1821,1821,1821,1821,873,1821,1821,1821,1904,1821,1821,1821,1821,1821,1821,873,1821,1821,1821,1821,1821,1821,865,865,859,61,61,61,61,61,61,61,61,61,61,61,61,61,61,61,61,61,61,61,61,61,61,61,61,61,61,61,61,61,61,61,61,61,61,61,61,61,61,61,61,61,61,61,61,61,61,61,61,61,61,61,859,859,61,61,61,61,61,61,61,61,61,61,61,61,61,61,61,61,61,61,61,61,61,61,61,61,61,61,61,61,61,61,859,
859,61,61,61,61,61,61,61,61,61,61,61,61,61,61,61,61,61,61,61,61,61,61,61,61,61,61,61,61,61,61,61,61,61,61,61,61,61,61,61,61,61,61,61,61,61,61,61,61,61,61,61,61,61,61,61,61,61,61,61,61,61,61,61,61,61,61,61,61,61,61,61,61,61,61,424,425,426,427,428,61,61,61,61,61,61,61,61,61,61,61,61,61,859,865,1821,1821,1904,1821,1821,873,1821,1821,1821,1821,1821,1821,1821,1821,1821,1821,1821,1821,1821,1743,1821,1821,1821,1821,1821,1821,1821,1821,1821,1821,1821,1821,1821,1821,1821,1821,1821,1821,1802,1821,1821,1821,1821,1821,1821,1904,1904,1904,1904,865,865,865,1821,1821,1821,1821,873,1821,1821,1821,1821,1821,1821,1821,1821,1821,1821,873,1821,1821,1821,1821,1821,1821,865,859,859,61,61,61,61,61,61,61,61,61,61,61,61,61,61,61,61,61,61,61,61,61,61,61,61,61,61,61,61,61,61,61,61,61,61,61,61,61,61,61,61,61,61,61,61,61,61,61,61,61,61,61,61,859,859,859,61,61,61,61,61,61,61,61,61,61,61,61,61,61,61,61,61,61,61,61,61,61,61,61,61,61,61,61,859,
859,61,61,61,61,61,61,61,61,61,61,61,61,61,61,61,61,61,61,61,61,61,61,61,61,61,61,61,61,61,61,61,61,61,61,61,61,61,61,61,61,61,61,61,61,61,61,61,61,61,61,61,61,61,61,61,61,61,61,61,61,61,61,61,61,61,61,61,61,61,61,61,61,61,61,61,484,485,486,61,61,61,61,61,61,61,61,61,61,61,61,61,434,859,865,1821,1904,1904,1821,1821,873,1821,1821,1821,1821,1821,1821,1821,1821,1821,1821,1821,1821,1821,1743,1821,1821,1821,1821,1821,1821,1821,1821,1821,1821,1821,1821,1821,1821,1821,1821,1821,1821,1802,1821,1821,1821,1821,1821,1904,1904,1904,1904,1904,1821,1821,1821,1821,1821,1821,1821,873,1821,1821,1821,1821,1843,1844,1821,1821,1821,1821,873,1821,1821,1821,1821,1821,1821,865,859,61,61,61,61,61,61,61,61,61,61,61,61,964,965,966,61,61,61,61,61,61,61,61,61,61,61,61,61,61,61,964,965,966,61,61,61,61,61,61,61,61,61,61,61,1097,1098,61,61,61,61,61,61,61,61,61,859,859,859,61,264,265,61,61,61,61,61,61,61,61,61,61,61,61,61,61,61,61,61,61,61,61,61,61,61,859,
859,61,61,61,61,61,61,61,61,61,61,61,61,61,61,61,61,61,61,61,61,61,61,61,61,61,61,61,61,61,61,61,61,61,61,61,61,61,61,61,61,61,61,61,61,61,61,61,61,61,61,61,61,61,61,61,61,61,61,61,61,61,61,61,61,61,61,61,61,61,61,61,61,61,61,61,61,61,61,61,61,61,61,61,61,61,61,61,264,265,264,265,493,859,865,1821,1904,1821,1821,1821,873,1821,1821,1821,1821,1821,1821,1821,1821,1821,1821,1821,1821,1821,1743,1821,1821,1821,1821,1821,1821,1821,1821,1821,1821,1821,1821,1821,1821,1821,1821,1821,1821,1802,1821,1821,1821,1821,1821,1904,1904,1904,1904,1821,1821,1821,1821,1821,1821,1821,1821,873,1821,1821,1821,1821,1902,1903,1821,1821,1821,1821,873,1821,1821,1821,1821,1821,865,859,859,61,61,61,61,61,61,61,61,61,61,61,61,61,61,61,61,61,61,61,61,61,61,61,61,61,61,61,61,61,61,61,61,61,61,61,61,61,61,61,61,61,61,61,61,61,61,61,61,61,61,61,61,61,61,61,61,61,61,859,859,859,61,61,61,61,61,61,61,61,61,61,61,61,61,61,61,61,61,61,61,859,859,61,61,859,
859,61,61,61,61,61,61,61,61,61,61,61,61,61,61,61,1018,1019,1020,61,61,61,61,61,61,61,61,61,61,61,61,61,61,61,61,61,61,61,61,61,61,61,61,61,61,61,61,61,61,61,61,61,61,61,61,61,61,61,61,61,61,61,61,61,61,61,61,61,61,61,61,61,61,61,61,61,61,61,61,61,61,61,61,61,61,61,61,424,425,426,427,426,427,859,865,1821,1821,1821,1821,1821,873,1821,1821,1821,1821,1821,1821,1821,1821,1821,1821,1821,1821,1821,1743,1821,1821,1821,1821,1821,1821,1821,1821,1821,1821,1821,1821,1821,1821,1821,1821,1821,1821,1802,1821,1821,1821,1821,1821,1821,1821,1821,1821,1821,1821,1821,1821,1821,1821,1821,1821,873,1821,1821,1821,1821,865,865,865,1821,1821,1821,873,1821,1821,1821,1821,1821,865,859,61,61,61,61,61,61,61,61,61,61,61,61,61,61,61,61,61,61,61,61,61,61,61,61,61,61,61,61,61,61,61,61,61,61,61,61,61,61,61,61,61,61,61,61,61,61,61,61,61,61,61,61,61,61,61,61,61,61,61,61,61,859,859,61,61,61,61,61,61,61,61,61,61,61,61,61,61,61,61,377,377,859,859,61,61,859,
859,61,61,61,61,61,61,61,61,61,61,61,61,61,61,61,61,61,61,61,61,61,61,61,61,61,61,61,61,61,61,61,61,61,61,61,61,61,61,61,61,61,61,61,61,61,61,61,61,61,61,61,61,61,1018,1020,61,61,61,61,61,61,61,61,61,61,61,61,61,61,61,61,61,61,61,61,61,61,61,61,61,61,61,61,61,61,61,61,484,485,485,485,486,859,865,1821,1821,1821,1821,1821,873,1821,1821,1821,1821,1821,1821,1821,1821,1821,1821,1821,1821,1821,1743,1821,1821,1821,1821,1821,1821,1821,1821,1821,1821,1821,1821,1821,1821,1821,1821,1821,1821,1802,1821,1821,1821,1821,1821,1821,1821,1821,1821,1821,1821,1821,1821,1821,1821,1821,1821,873,1821,1821,1821,1821,1821,1821,1821,1821,1821,1821,873,1821,1821,1821,1821,1821,865,859,61,61,61,61,61,61,61,61,61,61,61,61,61,61,61,61,61,61,61,61,61,61,61,61,61,61,61,61,61,61,61,61,61,61,61,61,61,61,61,61,61,61,61,61,61,61,61,61,61,61,61,61,61,61,61,61,61,61,61,61,61,61,61,859,859,61,61,61,61,61,61,61,61,61,61,61,61,61,61,436,436,859,859,61,61,859,
859,61,61,61,61,61,61,61,61,61,61,61,61,61,61,61,61,61,61,61,61,61,61,61,61,61,61,61,61,61,61,61,61,61,61,61,61,61,61,61,61,61,61,61,61,61,61,61,61,61,61,61,61,61,61,61,61,61,61,61,61,61,61,61,61,61,61,61,61,61,61,61,61,61,61,61,61,61,61,61,61,61,61,61,61,61,61,61,484,485,485,485,486,859,865,1821,1821,1821,1821,1821,873,1821,1821,1821,1821,1821,1821,1821,1821,1821,1821,1821,1821,1821,1743,1821,1821,1821,1821,1821,1821,1821,1821,1821,1821,1821,1821,1821,1821,1821,1821,1821,1821,1802,1821,1821,1821,1821,1821,1821,1821,1821,1821,1821,1821,1821,1821,1821,1821,1821,1821,873,1821,1821,1821,1821,1821,1821,1821,1821,1821,1821,873,1821,1821,1821,1821,1821,865,859,61,61,61,61,61,61,61,61,61,61,61,61,61,61,61,61,61,61,61,61,61,61,61,61,61,61,61,61,61,61,61,61,61,61,61,61,61,61,61,61,61,61,61,61,61,61,61,61,61,61,61,61,61,61,61,61,61,61,61,61,61,61,61,61,859,859,61,61,61,61,61,61,61,61,61,61,61,61,61,495,495,859,859,61,61,859,
859,61,61,61,61,61,61,61,61,61,61,61,61,61,61,61,61,61,61,61,61,61,61,61,61,61,61,61,61,61,61,61,61,61,61,61,61,61,61,61,61,61,61,61,61,61,61,61,61,61,61,61,61,61,61,61,61,61,61,61,61,61,61,61,61,61,61,61,61,61,61,61,61,61,61,61,61,61,61,61,61,61,61,61,61,61,320,321,484,485,485,485,486,859,865,1821,1821,1821,1821,1821,873,1821,1821,1821,1821,1821,1821,1821,1821,1821,1821,1821,1821,1821,1743,1821,1821,1821,1821,1821,1821,1821,1821,1821,1821,1821,1821,1821,1821,1821,1821,1821,1821,1802,1821,1821,1821,1821,1821,1821,1821,1821,1821,1821,1821,1821,1821,1821,1821,1821,1821,873,1821,1821,1821,1821,1821,1821,1821,1821,1821,1821,873,1821,1821,1821,1821,865,859,859,61,61,61,61,61,61,61,61,61,61,61,61,61,61,61,61,61,61,61,61,61,61,61,61,61,61,61,61,61,61,61,61,61,61,61,61,61,61,61,61,61,61,61,61,61,61,61,61,61,61,61,61,61,61,61,61,61,61,61,61,61,61,61,61,61,61,61,61,61,61,61,61,61,61,61,61,859,859,859,859,859,859,859,61,61,859,
859,61,61,61,61,61,61,61,61,61,61,61,61,61,61,61,61,61,61,61,61,61,61,61,61,61,61,61,61,61,61,61,61,61,61,61,61,61,61,61,61,61,61,61,61,61,61,61,61,61,61,61,61,61,61,61,61,61,61,61,61,61,61,61,61,61,61,61,61,61,61,61,61,61,61,61,61,61,61,61,61,61,61,61,424,425,426,427,484,485,485,485,486,859,865,1821,1821,1821,1821,1821,873,1821,1821,1821,1821,1821,1821,1821,1821,1821,1821,1821,1821,1821,1743,1821,1821,1821,1821,1821,1821,1821,1821,1821,1821,1821,1821,1821,1821,1821,1821,1821,1821,1802,1821,1821,1821,1821,1821,1821,1821,1821,1821,1821,1821,1821,1821,1821,1821,1821,1821,873,1821,1821,1821,1821,1821,1821,1821,1821,1821,1821,873,1821,1821,1821,1821,865,859,61,61,61,61,61,61,61,61,61,61,61,61,61,61,61,61,61,61,61,61,61,61,61,61,61,61,61,61,61,61,61,61,61,61,61,61,61,61,61,61,61,61,61,61,61,61,61,61,61,61,61,61,61,61,61,61,61,61,61,61,61,61,61,61,61,61,61,61,61,61,377,377,377,377,377,61,61,859,859,859,859,859,859,859,61,61,859,
859,61,61,61,61,61,61,61,61,61,61,61,61,61,61,61,61,61,61,61,61,61,61,61,61,61,61,61,61,61,61,61,61,61,61,61,61,61,61,61,61,61,61,61,61,61,61,61,61,61,61,61,61,61,61,61,61,61,61,61,61,61,61,61,61,61,61,61,61,61,61,61,61,61,61,61,61,61,61,1018,1020,61,61,61,61,484,485,486,484,485,485,485,486,859,865,875,875,876,877,878,873,875,876,875,876,877,878,875,876,877,878,877,875,876,1743,875,875,875,876,877,878,876,877,878,875,876,877,878,875,876,877,878,875,1802,877,878,1821,875,876,875,876,877,878,1821,875,876,877,878,875,876,877,873,876,875,876,877,878,875,876,877,875,876,873,876,877,878,865,859,859,61,61,61,61,61,61,61,61,61,61,61,61,61,61,61,61,61,61,61,61,61,61,61,61,61,61,61,61,61,61,61,61,61,61,61,61,61,61,61,61,61,61,61,61,61,61,61,61,61,61,61,61,61,61,61,61,61,61,61,61,61,61,61,61,61,61,61,61,61,61,436,436,436,436,436,61,61,61,61,61,61,61,61,61,61,61,859,
859,61,61,61,61,61,61,61,61,61,61,61,61,61,61,61,61,61,61,61,61,61,61,61,61,61,61,61,61,61,61,61,61,61,61,61,61,61,61,61,61,61,61,61,61,61,61,61,61,61,61,61,61,61,61,61,61,61,61,61,61,61,61,61,61,61,61,61,61,61,61,61,61,61,61,61,61,61,61,61,61,61,61,61,61,484,485,486,484,485,485,485,486,859,865,875,934,935,936,937,873,934,875,934,875,876,877,934,935,936,937,936,934,875,1743,875,934,934,935,936,937,877,878,876,934,935,936,937,934,935,936,937,934,1802,936,937,877,875,876,877,878,936,937,875,934,935,936,937,934,935,936,873,935,934,935,936,937,934,875,876,877,878,873,876,877,878,865,859,61,61,61,61,61,61,61,61,61,61,61,61,61,61,61,61,61,61,61,61,61,61,61,61,61,61,61,61,61,61,61,61,61,61,61,61,61,61,61,61,61,61,61,61,61,61,61,61,61,61,61,61,61,61,61,61,61,61,61,61,61,61,61,61,61,61,61,61,61,61,61,495,495,495,495,495,61,61,61,61,61,61,61,61,61,61,61,859,
859,61,61,61,61,61,61,61,61,61,61,61,61,61,61,61,61,61,61,61,61,61,61,61,61,61,61,61,61,61,61,61,61,61,61,61,61,61,61,61,61,61,61,61,61,61,61,61,61,61,61,61,17,18,19,61,61,61,61,61,61,61,61,61,61,61,61,61,61,61,61,61,61,61,61,61,61,61,61,61,61,61,61,61,61,484,485,486,484,485,485,485,486,859,865,934,934,935,936,937,873,875,934,935,934,935,936,937,934,935,934,935,936,934,1743,934,934,934,875,876,877,875,875,875,875,875,875,934,934,935,936,937,875,1802,875,876,877,934,935,936,937,878,878,934,875,875,876,875,876,877,878,873,865,865,865,878,876,877,878,935,936,937,873,877,878,937,865,859,61,61,61,8,9,10,61,61,61,61,61,61,61,61,61,61,61,61,61,61,61,61,61,61,61,61,61,61,61,61,61,61,61,61,61,61,61,61,61,61,61,61,61,61,61,61,61,61,61,61,61,61,61,61,61,61,61,61,61,61,61,61,61,61,61,61,61,61,61,61,61,859,859,859,859,859,61,61,61,61,61,61,61,61,61,61,61,859,
859,61,61,61,61,61,61,61,61,61,61,61,61,61,61,61,61,61,61,61,61,61,61,61,61,61,61,61,61,61,61,61,61,61,61,61,61,61,61,61,61,61,61,61,61,61,61,61,61,61,61,61,76,77,78,61,61,61,61,61,61,61,61,61,61,61,61,61,61,61,61,61,61,61,61,61,61,61,61,61,61,61,366,367,368,484,485,486,484,485,485,485,486,859,865,934,934,935,936,937,873,875,876,877,878,934,935,936,937,934,935,936,875,876,1743,935,936,937,934,935,936,934,934,934,934,934,934,875,876,877,878,878,934,1802,876,877,878,878,934,875,875,875,461,877,878,878,876,934,935,936,875,873,877,878,877,878,935,936,937,878,878,934,873,936,937,865,859,859,61,61,61,67,68,69,61,61,61,61,61,61,61,61,61,61,61,61,61,61,61,61,61,61,61,61,61,61,61,61,61,61,61,61,61,61,61,61,61,61,61,61,61,61,61,61,61,61,61,61,61,61,61,61,61,61,61,61,61,61,61,61,61,61,61,61,61,61,61,61,61,859,859,859,859,859,61,61,61,61,61,61,61,61,61,61,61,859,
859,61,61,61,61,61,224,225,226,227,61,61,61,61,61,61,61,61,61,61,61,61,61,61,61,61,61,61,61,61,61,61,61,61,61,61,61,61,61,61,61,61,61,61,61,61,61,61,61,61,61,61,135,136,137,61,61,61,61,61,61,61,132,133,134,61,61,61,61,61,61,61,61,61,61,61,61,61,61,61,61,424,425,426,427,484,485,486,484,485,485,485,486,859,865,875,876,877,878,878,873,875,876,877,878,875,876,877,875,875,876,865,865,935,1743,935,875,876,877,878,865,865,865,877,878,878,878,934,935,936,937,937,877,1802,935,936,937,937,878,934,934,934,461,936,937,937,878,875,876,877,878,873,936,937,936,937,865,865,865,937,937,875,873,877,878,865,859,61,61,61,61,126,127,128,61,61,61,61,61,61,61,61,61,61,61,61,61,61,61,61,61,121,122,61,61,61,61,61,61,61,61,61,61,61,61,61,123,124,125,61,61,61,61,61,61,61,61,61,61,61,61,61,61,61,61,61,61,61,61,61,61,61,61,61,61,859,61,61,61,61,61,61,61,61,61,222,233,61,61,61,61,61,61,61,61,859,
859,61,61,61,61,61,283,284,285,286,61,61,61,61,61,61,61,61,61,61,61,61,61,61,61,61,61,61,61,61,61,61,61,61,61,61,61,61,61,61,61,61,61,61,61,61,61,61,421,422,61,61,194,195,196,61,61,61,61,61,61,61,191,192,193,61,61,61,61,61,61,61,61,421,422,61,61,61,61,322,323,61,484,485,486,484,485,486,484,485,485,485,486,859,865,934,935,936,937,937,873,875,876,877,874,876,877,878,934,934,865,865,865,875,1743,935,934,874,875,876,865,865,865,865,865,876,877,878,875,874,876,877,875,1802,877,878,935,875,876,875,876,877,461,877,874,875,875,876,877,878,937,873,875,876,877,878,874,936,937,1821,875,876,873,878,878,865,859,61,61,61,61,185,186,187,61,61,61,61,61,61,61,61,61,61,61,61,61,61,178,179,61,180,181,61,61,61,61,61,61,61,61,61,61,61,61,61,182,183,184,61,61,61,61,61,61,61,61,61,61,61,61,61,61,61,61,61,61,61,61,61,61,61,61,61,859,859,61,61,61,61,61,61,61,61,61,281,282,61,61,61,61,61,61,61,61,859,
859,61,61,61,61,61,342,564,565,345,61,61,61,61,70,71,72,61,61,435,61,61,61,61,61,61,61,61,61,61,61,61,61,61,61,61,61,61,61,61,61,61,61,61,61,61,61,61,480,481,61,61,253,254,255,61,61,61,61,61,61,61,250,251,252,61,61,61,61,61,61,61,61,480,481,61,61,61,424,425,426,427,484,485,486,484,485,486,484,485,485,485,486,859,865,875,875,876,877,878,873,875,876,877,933,935,936,937,878,865,865,865,865,934,1743,876,877,933,875,875,865,865,865,865,865,865,876,877,878,933,935,875,876,1802,875,875,444,445,935,934,935,936,461,936,933,934,934,935,936,937,876,873,878,876,877,878,933,876,877,878,875,875,873,877,878,865,859,61,61,61,61,244,245,246,61,61,61,1349,61,61,61,61,61,61,61,61,61,61,237,238,61,239,240,61,61,61,61,61,61,61,61,61,61,61,61,61,241,242,243,61,61,61,1349,61,61,61,61,61,61,61,61,61,61,61,61,61,61,61,61,1349,61,61,61,859,859,859,61,61,61,61,61,61,61,61,61,340,341,61,434,61,61,61,61,61,61,859,
859,265,366,367,368,1436,401,741,742,404,1436,366,367,368,129,130,131,262,61,494,61,61,61,61,61,61,61,61,61,61,61,61,61,61,61,61,61,61,61,61,61,61,61,322,323,367,368,538,539,540,541,61,312,313,314,61,61,320,321,61,61,61,309,310,311,61,61,61,61,61,367,61,538,539,540,541,61,61,483,484,485,486,484,485,486,484,485,486,484,485,485,485,486,859,865,934,934,935,936,937,932,934,935,936,937,934,935,936,865,865,865,865,865,935,1920,935,936,934,934,934,865,865,865,865,865,865,935,936,937,936,937,934,935,1920,934,934,739,740,934,935,936,937,461,935,936,937,934,935,936,937,935,1920,937,935,936,937,934,935,936,937,934,934,1920,936,937,865,859,61,264,265,61,303,304,305,371,372,61,1408,61,61,61,61,371,372,264,265,61,61,296,297,61,298,299,61,61,61,371,372,371,372,61,61,61,61,61,61,300,301,302,61,61,1438,1408,61,371,372,61,61,61,61,264,265,61,61,61,371,372,61,61,1408,61,859,859,859,859,859,61,61,264,265,61,61,371,372,61,399,400,61,493,61,371,372,61,61,61,859,
543,543,543,543,543,543,543,543,543,543,543,543,543,543,543,543,543,543,543,543,543,543,497,498,498,498,498,498,498,498,498,498,498,498,498,498,498,498,498,498,498,498,499,543,543,543,543,543,543,543,543,543,543,543,543,543,543,543,543,543,543,543,543,543,543,543,543,543,543,543,543,543,543,543,543,543,543,543,543,543,543,543,543,543,543,543,543,543,543,543,543,543,543,859,865,865,865,865,865,865,865,865,865,865,865,865,865,865,865,865,865,865,865,865,865,865,865,865,865,865,865,865,865,865,865,865,865,865,865,865,865,865,865,865,865,865,865,865,865,865,865,865,865,865,865,865,865,865,865,865,865,865,865,865,865,865,865,865,865,865,865,865,865,865,865,865,859,548,549,549,549,549,549,549,549,549,549,549,549,549,549,549,549,549,549,549,549,549,549,549,549,549,549,549,497,498,498,498,498,498,498,498,498,498,499,549,549,549,549,549,549,549,549,549,549,549,549,549,549,549,549,549,549,549,549,549,549,549,549,549,549,549,549,549,549,549,549,549,549,549,549,549,549,549,549,549,549,549,549,549,549,549,549,549,549,550,
602,603,603,603,603,603,603,603,603,603,603,603,603,603,603,603,603,603,603,603,603,604,443,443,443,443,443,443,443,443,443,443,443,443,443,443,443,443,443,443,443,443,443,602,603,603,603,603,603,603,603,603,603,603,603,603,603,603,603,603,603,603,603,603,603,603,603,603,603,603,603,603,603,603,603,603,603,603,603,603,603,603,603,603,603,603,603,603,603,603,603,603,604,859,865,865,865,865,865,865,865,865,865,865,865,865,865,865,865,865,865,865,865,865,865,865,865,865,865,865,865,865,865,865,865,865,865,865,865,865,865,865,865,865,865,865,865,865,865,865,865,865,865,865,865,865,865,865,865,865,865,865,865,865,865,865,865,865,865,865,865,865,865,865,865,865,859,607,608,608,608,608,608,608,608,608,608,608,608,608,608,608,608,608,608,608,608,608,608,608,608,608,608,608,443,443,443,443,443,443,443,443,443,443,443,608,608,608,608,608,608,608,608,608,608,608,608,608,608,608,608,608,608,608,608,608,608,608,608,608,608,608,608,608,608,608,608,608,608,608,608,608,608,608,608,608,608,608,608,608,608,608,608,608,608,609,
602,603,603,603,603,603,603,603,603,603,603,603,603,603,603,603,603,603,603,603,603,604,502,502,502,502,502,502,502,502,502,502,502,502,502,502,502,502,502,502,502,502,502,602,603,603,603,603,603,603,603,603,603,603,603,603,603,603,603,603,603,603,603,603,603,603,603,603,603,603,603,603,603,603,603,603,603,603,603,603,603,603,603,603,603,603,603,603,603,603,603,603,604,859,865,865,865,865,865,865,865,865,865,865,865,865,865,865,865,865,865,865,865,865,865,865,865,865,865,865,865,865,865,865,865,865,865,865,865,865,865,865,865,865,865,865,865,865,865,865,865,865,865,865,865,865,865,865,865,865,865,865,865,865,865,865,865,865,865,865,865,865,865,865,865,865,859,607,608,608,608,608,608,608,608,608,608,608,608,608,608,608,608,608,608,608,608,608,608,608,608,608,608,608,502,502,502,502,502,502,502,502,502,502,502,608,608,608,608,608,608,608,608,608,608,608,608,608,608,608,608,608,608,608,608,608,608,608,608,608,608,608,608,608,608,608,608,608,608,608,608,608,608,608,608,608,608,608,608,608,608,608,608,608,608,609,
602,603,603,603,603,603,603,603,603,603,603,603,603,603,603,603,603,603,603,603,603,604,502,502,502,502,502,502,502,502,502,502,502,502,502,502,502,502,502,502,502,502,502,602,603,603,603,603,603,603,603,603,603,603,603,603,603,603,603,603,603,603,603,603,603,603,603,603,603,603,603,603,603,603,603,603,603,603,603,603,603,603,603,603,603,603,603,603,603,603,603,603,604,859,865,865,865,865,865,865,865,865,865,865,865,865,865,865,865,865,865,865,865,865,865,865,865,865,865,865,865,865,865,865,865,865,865,865,865,865,865,865,865,865,865,865,865,865,865,865,865,865,865,865,865,865,865,865,865,865,865,865,865,865,865,865,865,865,865,865,865,865,865,865,865,865,859,607,608,608,608,608,608,608,608,608,608,608,608,608,608,608,608,608,608,608,608,608,608,608,608,608,608,608,502,502,502,502,502,502,502,502,502,502,502,608,608,608,608,608,608,608,608,608,608,608,608,608,608,608,608,608,608,608,608,608,608,608,608,608,608,608,608,608,608,608,608,608,608,608,608,608,608,608,608,608,608,608,608,608,608,608,608,608,608,609

[Object Layer 1]
# Grotto1
type=EntityEnemyGrotto
location=58,57,1,1

[Object Layer 1]
# Grotto2
type=EntityEnemyGrotto
location=58,12,1,1

[Object Layer 1]
# Grotto3
type=EntityEnemyGrotto
location=75,12,1,1

[Object Layer 1]
# Slime1
type=EntityEnemySlime
location=115,56,1,1

[Object Layer 1]
# Hero
type=EntityPlayer
location=7,54,1,1

[Object Layer 1]
# Slime2
type=EntityEnemySlime
location=146,56,1,1

[Object Layer 1]
# Slime3
type=EntityEnemySlime
location=161,55,1,1

[Object Layer 1]
# Slime4
type=EntityEnemySlime
location=128,7,1,1

[Object Layer 1]
# Fly1
type=EntityEnemyFly
location=181,57,1,1

[Object Layer 1]
# Fly2
type=EntityEnemyFly
location=221,56,1,1

[Object Layer 1]
# ItemWin
type=EntityItemWin
location=198,3,1,1

[Object Layer 1]
# Banana
type=EntityItemBanana
location=251,15,1,1

[Object Layer 1]
# MusicChange1
type=EntityItemMusic
location=91,4,1,1

[Object Layer 1]
# MusicChange2
type=EntityItemMusic
location=176,4,1,1

